球员,赛季,球队,出场,首发,时间,投篮,命中,出手,三分,三分命中,三分出手,罚球,罚球命中,罚球出手,篮板,前场,后场,助攻,抢断,盖帽,失误,犯规,得分,胜,负
鲍伯-麦克阿杜,73-74,勇敢者,74,-1.0,43.0,0.547,12.2,22.3,-0.01,-1.0,-1.0,0.793,6.2,7.8,15.1,3.8,11.3,2.3,1.2,3.3,-1.0,3.4,30.6,-1.0,-1.0
皮特-马拉维奇,73-74,老鹰,76,-1.0,38.2,0.457,10.8,23.6,-0.01,-1.0,-1.0,0.826,6.2,7.5,4.9,1.3,3.6,5.2,1.5,0.2,-1.0,3.4,27.7,-1.0,-1.0
朱利叶斯-欧文,73-74,老篮网,84,-1.0,40.5,0.512,10.9,21.3,0.395,0.2,0.5,0.766,5.4,7.1,10.7,3.1,7.6,5.2,2.3,2.4,4.1,3.2,27.4,-1.0,-1.0
卡里姆-贾巴尔,73-74,雄鹿,81,-1.0,43.8,0.539,11.7,21.7,-0.01,-1.0,-1.0,0.702,3.6,5.2,14.5,3.5,11.0,4.8,1.4,3.5,-1.0,2.9,27.0,-1.0,-1.0
乔治-麦克吉尼斯,73-74,老者,80,-1.0,40.8,0.468,9.9,21.1,0.147,0.1,0.4,0.683,6.1,8.9,15.0,5.3,9.7,3.3,2.0,0.5,4.9,4.1,25.9,-1.0,-1.0
丹-伊塞尔,73-74,上校,83,-1.0,40.3,0.48,10.0,20.8,0.176,0.0,0.2,0.787,5.5,7.0,10.2,4.2,6.0,1.7,0.8,0.4,2.1,2.4,25.5,-1.0,-1.0
查理-斯科特,73-74,太阳,52,-1.0,38.5,0.459,10.3,22.5,-0.01,-1.0,-1.0,0.781,4.7,6.1,4.3,1.2,3.0,5.2,1.9,0.4,-1.0,3.7,25.4,-1.0,-1.0
卢-哈德森,73-74,老鹰,65,-1.0,39.8,0.5,10.4,20.9,-0.01,-1.0,-1.0,0.836,4.5,5.4,5.4,1.9,3.4,3.3,2.5,0.4,-1.0,3.2,25.4,-1.0,-1.0
盖尔-古德里奇,73-74,湖人,82,-1.0,37.3,0.442,9.6,21.6,-0.01,-1.0,-1.0,0.864,6.2,7.2,3.0,1.2,1.9,5.2,1.5,0.1,-1.0,2.8,25.3,-1.0,-1.0
里克-巴里,73-74,勇士,80,-1.0,36.5,0.456,10.0,21.8,-0.01,-1.0,-1.0,0.899,5.2,5.8,6.8,1.3,5.5,6.1,2.1,0.5,-1.0,3.3,25.1,-1.0,-1.0
鲁迪-汤姆贾诺维奇,73-74,火箭,80,-1.0,40.3,0.536,9.9,18.4,-0.01,-1.0,-1.0,0.848,4.8,5.7,9.0,2.9,6.1,3.1,1.1,0.8,-1.0,2.9,24.5,-1.0,-1.0
乔夫-皮特里,73-74,开拓者,73,-1.0,38.4,0.481,10.1,21.1,-0.01,-1.0,-1.0,0.853,4.0,4.7,2.8,0.9,2.0,4.3,1.2,0.2,-1.0,2.7,24.3,-1.0,-1.0
斯宾瑟-海伍德,73-74,超音速,75,-1.0,40.5,0.457,9.3,20.3,-0.01,-1.0,-1.0,0.814,5.0,6.1,13.4,4.2,9.2,3.2,0.9,1.4,-1.0,2.6,23.5,-1.0,-1.0
乔治-格文,73-74,-1,74,-1.0,33.9,0.471,9.1,19.3,0.143,0.1,0.8,0.815,5.1,6.3,8.4,2.3,6.1,1.9,1.4,1.6,3.4,3.6,23.4,-1.0,-1.0
约翰-哈福利切克,73-74,凯尔特,76,-1.0,40.7,0.456,9.0,19.8,-0.01,-1.0,-1.0,0.832,4.6,5.5,6.4,1.8,4.6,5.9,1.3,0.4,-1.0,2.6,22.6,-1.0,-1.0
鲍伯-兰尼尔,73-74,活塞,81,-1.0,37.6,0.504,9.2,18.3,-0.01,-1.0,-1.0,0.797,4.0,5.0,13.3,3.3,9.9,4.2,1.4,3.0,-1.0,3.4,22.5,-1.0,-1.0
西德尼-威克斯,73-74,开拓者,75,-1.0,38.0,0.459,9.1,19.9,-0.01,-1.0,-1.0,0.762,4.2,5.5,9.1,2.6,6.5,4.3,1.2,0.8,-1.0,2.9,22.5,-1.0,-1.0
威利-维斯,73-74,星光,82,-1.0,40.1,0.49,8.7,17.8,0.125,0.0,0.2,0.79,4.8,6.1,7.6,2.1,5.5,3.7,1.4,0.5,2.5,3.0,22.3,-1.0,-1.0
菲尔-切尼尔,73-74,子弹,76,-1.0,38.7,0.434,9.2,21.1,-0.01,-1.0,-1.0,0.82,3.6,4.4,5.1,1.5,3.6,3.1,2.0,0.9,-1.0,1.8,21.9,-1.0,-1.0
奥斯汀-凯尔,73-74,骑士,81,-1.0,38.3,0.445,9.2,20.8,-0.01,-1.0,-1.0,0.856,3.4,4.0,3.6,1.7,1.9,3.8,1.1,0.2,-1.0,2.3,21.9,-1.0,-1.0
鲍伯-乐福,73-74,公牛,82,-1.0,40.1,0.417,8.9,21.4,-0.01,-1.0,-1.0,0.818,3.9,4.8,6.0,2.2,3.8,1.6,1.0,0.3,-1.0,2.7,21.8,-1.0,-1.0
埃尔文-海耶斯,73-74,子弹,81,-1.0,44.5,0.423,8.5,20.1,-0.01,-1.0,-1.0,0.721,4.4,6.1,18.1,4.4,13.7,2.0,1.1,3.0,-1.0,3.1,21.4,-1.0,-1.0
弗莱德-卡特,73-74,76人,78,-1.0,39.0,0.43,9.1,21.0,-0.01,-1.0,-1.0,0.709,3.3,4.6,4.8,1.1,3.7,5.7,1.4,0.3,-1.0,3.5,21.4,-1.0,-1.0
沃尔特-弗雷泽,73-74,尼克斯,80,-1.0,41.7,0.472,8.4,17.9,-0.01,-1.0,-1.0,0.838,3.7,4.4,6.7,1.5,5.2,6.9,2.0,0.2,-1.0,2.7,20.5,-1.0,-1.0
卡兹-拉塞尔,73-74,勇士,82,-1.0,31.4,0.482,9.0,18.7,-0.01,-1.0,-1.0,0.835,2.5,3.0,4.3,1.7,2.6,2.3,0.7,0.2,-1.0,2.4,20.5,-1.0,-1.0
比利-康宁汉姆,73-74,美洲狮,32,-1.0,37.2,0.471,7.9,16.8,0.125,0.0,0.3,0.797,4.7,5.8,10.3,2.7,7.7,4.7,1.8,0.7,4.0,3.3,20.5,-1.0,-1.0
凯尔文-墨菲,73-74,火箭,81,-1.0,36.1,0.522,8.3,15.9,-0.01,-1.0,-1.0,0.868,3.8,4.4,2.3,0.6,1.7,7.4,1.9,0.0,-1.0,3.8,20.4,-1.0,-1.0
伯-拉马尔,73-74,征服者,84,-1.0,33.6,0.397,8.2,20.5,0.279,0.8,2.9,0.777,3.2,4.2,3.5,1.3,2.2,3.4,1.5,0.2,2.2,1.8,20.4,-1.0,-1.0
杰里-韦斯特,73-74,湖人,31,-1.0,31.2,0.447,7.5,16.7,-0.01,-1.0,-1.0,0.833,5.3,6.4,3.7,1.0,2.8,6.6,2.6,0.7,-1.0,2.6,20.3,-1.0,-1.0
Stew Johnson,73-74,征服者,84,-1.0,31.6,0.429,8.5,19.9,0.311,0.7,2.3,0.847,2.4,2.8,6.3,2.2,4.2,1.5,0.9,0.2,1.6,1.9,20.1,-1.0,-1.0
汤姆-范阿斯戴尔,73-74,76人,78,-1.0,39.0,0.428,7.9,18.4,-0.01,-1.0,-1.0,0.851,3.8,4.5,5.0,1.1,3.9,2.6,0.8,0.0,-1.0,3.8,19.6,-1.0,-1.0
乔治-卡特,73-74,大地主,80,-1.0,35.2,0.422,7.0,16.6,0.344,0.4,1.2,0.841,4.9,5.8,6.7,2.4,4.3,1.7,0.8,0.2,2.9,3.9,19.3,-1.0,-1.0
切特-沃克,73-74,公牛,82,-1.0,32.5,0.486,7.0,14.4,-0.01,-1.0,-1.0,0.875,5.4,6.1,5.0,1.6,3.4,2.4,0.8,0.0,-1.0,2.5,19.3,-1.0,-1.0
乔治-汤普森,73-74,檀木,78,-1.0,35.0,0.475,6.9,14.5,0.185,0.1,0.7,0.79,5.3,6.7,3.5,1.2,2.3,5.1,1.5,0.3,2.7,3.0,19.2,-1.0,-1.0
吉米-沃克,73-74,-1,75,-1.0,39.4,0.469,7.8,16.5,-0.01,-1.0,-1.0,0.82,3.6,4.4,2.7,0.5,2.2,4.1,1.1,0.1,-1.0,2.3,19.2,-1.0,-1.0
戴夫-考文斯,73-74,凯尔特,80,-1.0,41.9,0.437,8.1,18.4,-0.01,-1.0,-1.0,0.832,2.9,3.4,15.7,3.3,12.4,4.4,1.2,1.3,-1.0,3.7,19.0,-1.0,-1.0
鲍伯-丹德里奇,73-74,雄鹿,71,-1.0,35.5,0.503,8.2,16.3,-0.01,-1.0,-1.0,0.818,2.5,3.0,6.7,1.6,5.1,2.8,1.6,0.6,-1.0,3.8,18.9,-1.0,-1.0
戴夫-宾,73-74,活塞,81,-1.0,38.6,0.436,7.2,16.5,-0.01,-1.0,-1.0,0.813,4.4,5.4,3.5,1.3,2.1,6.9,1.3,0.2,-1.0,2.7,18.8,-1.0,-1.0
拉尔斐-辛普森,73-74,火箭,75,-1.0,29.9,0.428,8.0,18.6,0.083,0.0,0.3,0.754,2.8,3.7,4.3,1.5,2.8,2.5,1.4,0.2,2.6,2.5,18.7,-1.0,-1.0
阿尔提斯-吉尔莫尔,73-74,上校,84,-1.0,41.7,0.493,7.4,15.0,0.0,0.0,0.0,0.667,3.9,5.8,18.3,5.7,12.6,3.9,0.7,3.4,3.8,3.6,18.7,-1.0,-1.0
吉姆-麦克米兰,73-74,勇敢者,82,-1.0,40.5,0.494,7.3,14.8,-0.01,-1.0,-1.0,0.858,4.0,4.6,7.4,2.6,4.8,3.1,1.6,0.3,-1.0,2.3,18.6,-1.0,-1.0
迈克-纽林,73-74,火箭,76,-1.0,34.1,0.448,6.7,15.0,-0.01,-1.0,-1.0,0.856,5.0,5.8,3.4,1.0,2.4,4.8,1.1,0.1,-1.0,3.4,18.4,-1.0,-1.0
乔乔-怀特,73-74,凯尔特,82,-1.0,39.5,0.449,7.9,17.6,-0.01,-1.0,-1.0,0.837,2.3,2.8,4.3,1.2,3.1,5.5,1.3,0.3,-1.0,2.3,18.1,-1.0,-1.0
迪克-施耐德,73-74,超音速,74,-1.0,36.1,0.481,7.7,16.1,-0.01,-1.0,-1.0,0.866,2.6,3.0,4.1,1.2,2.9,3.6,1.2,0.4,-1.0,3.5,18.1,-1.0,-1.0
戴夫-德布斯切尔,73-74,尼克斯,71,-1.0,38.0,0.461,7.9,17.1,-0.01,-1.0,-1.0,0.756,2.3,3.1,10.7,1.9,8.8,3.6,0.9,0.5,-1.0,3.1,18.1,-1.0,-1.0
马克-卡尔文,73-74,美洲狮,83,-1.0,31.2,0.462,6.0,13.0,0.233,0.1,0.5,0.875,5.9,6.7,2.9,0.9,2.0,4.2,1.6,0.1,2.8,2.9,18.0,-1.0,-1.0
迪克-范阿斯戴尔,73-74,太阳,78,-1.0,36.3,0.5,6.6,13.2,-0.01,-1.0,-1.0,0.853,4.6,5.4,2.8,0.8,2.0,4.2,1.2,0.2,-1.0,3.1,17.8,-1.0,-1.0
Louie Dampier,73-74,上校,84,-1.0,35.0,0.465,7.2,15.4,0.387,0.6,1.5,0.832,2.8,3.4,2.4,0.5,1.8,5.6,1.0,0.2,2.7,1.8,17.8,-1.0,-1.0
奈特-阿奇博尔德,73-74,国王,35,-1.0,36.3,0.451,6.3,14.1,-0.01,-1.0,-1.0,0.82,4.9,6.0,2.4,0.6,1.8,7.6,1.6,0.2,-1.0,2.2,17.6,-1.0,-1.0
罗恩-布恩,73-74,星光,84,-1.0,36.9,0.494,7.0,14.1,0.231,0.1,0.3,0.875,3.6,4.1,5.2,1.9,3.3,5.0,1.5,0.3,3.8,3.4,17.6,-1.0,-1.0
鲁西斯-阿伦,73-74,雄鹿,72,-1.0,33.2,0.495,7.3,14.8,-0.01,-1.0,-1.0,0.788,3.0,3.8,4.0,1.2,2.8,5.2,1.9,0.3,-1.0,3.0,17.6,-1.0,-1.0
奈尔-沃克,73-74,太阳,82,-1.0,31.1,0.46,7.0,15.2,-0.01,-1.0,-1.0,0.791,2.9,3.6,10.2,2.9,7.3,4.0,0.9,0.7,-1.0,3.1,16.8,-1.0,-1.0
吉米-琼斯,73-74,星光,83,-1.0,38.1,0.55,7.0,12.8,0.0,0.0,0.0,0.884,2.8,3.1,4.3,1.2,3.1,5.2,1.9,0.4,2.9,2.5,16.8,-1.0,-1.0
弗莱德-布朗,73-74,超音速,82,-1.0,30.5,0.471,7.0,15.0,-0.01,-1.0,-1.0,0.863,2.4,2.8,4.9,1.4,3.5,5.0,1.7,0.2,-1.0,3.4,16.5,-1.0,-1.0
兰尼-威尔肯斯,73-74,骑士,74,-1.0,33.6,0.465,6.2,13.4,-0.01,-1.0,-1.0,0.801,3.9,4.9,3.7,1.1,2.7,7.1,1.3,0.2,-1.0,2.2,16.4,-1.0,-1.0
约翰-约翰逊,73-74,开拓者,69,-1.0,33.1,0.464,6.7,14.3,-0.01,-1.0,-1.0,0.812,3.1,3.8,7.5,2.3,5.1,4.1,1.0,0.4,-1.0,3.2,16.4,-1.0,-1.0
比利-鲍尔兹,73-74,老篮网,77,-1.0,33.7,0.494,6.7,13.6,0.0,0.0,0.0,0.721,2.9,4.0,10.2,2.7,7.4,2.2,0.8,1.9,2.3,3.1,16.4,-1.0,-1.0
杰夫-穆林斯,73-74,勇士,77,-1.0,32.4,0.473,7.0,14.9,-0.01,-1.0,-1.0,0.875,2.2,2.5,3.6,1.1,2.5,4.0,0.9,0.3,-1.0,2.8,16.2,-1.0,-1.0
迈克-里奥丹,73-74,子弹,81,-1.0,39.9,0.472,7.1,15.1,-0.01,-1.0,-1.0,0.782,1.7,2.1,4.7,1.5,3.2,3.3,1.3,0.2,-1.0,2.9,15.9,-1.0,-1.0
Warren Jabali,73-74,火箭,49,-1.0,34.9,0.391,5.2,13.4,0.366,0.9,2.5,0.803,4.5,5.6,5.0,1.7,3.3,7.3,2.0,0.2,4.0,3.4,15.9,-1.0,-1.0
拉里-凯侬,73-74,老篮网,84,-1.0,34.6,0.462,7.0,15.2,0.0,0.0,0.0,0.703,1.9,2.6,11.5,4.5,7.0,1.3,0.9,0.2,3.0,3.0,15.9,-1.0,-1.0
詹姆斯-塞拉斯,73-74,老刺,84,-1.0,36.9,0.478,5.8,12.1,0.0,0.0,0.0,0.831,4.2,5.0,4.1,1.0,3.1,3.8,1.1,0.1,2.6,3.0,15.7,-1.0,-1.0
里奇-琼斯,73-74,老刺,78,-1.0,36.4,0.434,6.5,15.1,0.283,0.2,0.6,0.772,2.4,3.1,7.4,2.2,5.3,3.4,0.9,0.2,1.9,3.5,15.6,-1.0,-1.0
Cincinnatus Powell,73-74,大地主,82,-1.0,30.3,0.452,6.4,14.2,0.323,0.1,0.4,0.706,2.5,3.6,6.3,2.1,4.2,1.7,0.6,0.4,2.3,3.3,15.5,-1.0,-1.0
内特-威廉姆斯,73-74,国王,82,-1.0,30.6,0.462,6.6,14.2,-0.01,-1.0,-1.0,0.818,2.4,2.9,4.2,1.4,2.8,2.2,1.8,0.4,-1.0,3.5,15.5,-1.0,-1.0
兰迪-史密斯,73-74,勇敢者,82,-1.0,33.5,0.492,6.5,13.2,-0.01,-1.0,-1.0,0.712,2.5,3.5,3.8,1.1,2.8,4.7,2.5,0.0,-1.0,3.2,15.5,-1.0,-1.0
吉姆-普莱斯,73-74,湖人,82,-1.0,32.0,0.449,6.6,14.6,-0.01,-1.0,-1.0,0.799,2.3,2.9,4.6,1.5,3.1,4.5,1.9,0.4,-1.0,2.8,15.4,-1.0,-1.0
迈尔-丹尼尔斯,73-74,老者,78,-1.0,32.6,0.44,6.3,14.3,-0.01,0.0,0.0,0.756,2.8,3.7,11.6,3.2,8.4,1.6,0.7,1.2,2.8,3.6,15.4,-1.0,-1.0
Gar Heard,73-74,勇敢者,81,-1.0,35.7,0.435,6.5,14.9,-0.01,-1.0,-1.0,0.65,2.4,3.6,11.7,3.3,8.4,2.2,1.7,2.8,-1.0,3.7,15.3,-1.0,-1.0
厄尔尼-格雷格里奥,73-74,勇敢者,81,-1.0,35.9,0.421,6.5,15.6,-0.01,-1.0,-1.0,0.902,2.1,2.4,2.7,0.6,2.1,8.2,0.7,0.1,-1.0,3.0,15.2,-1.0,-1.0
卡尔迪维尔-琼斯,73-74,征服者,79,-1.0,37.1,0.465,6.4,13.8,0.25,0.0,0.1,0.743,2.2,2.9,13.9,4.1,9.8,1.8,0.8,4.0,2.0,4.0,15.0,-1.0,-1.0
史蒂夫-米克斯,73-74,76人,82,-1.0,36.2,0.475,6.0,12.7,-0.01,-1.0,-1.0,0.792,2.8,3.5,10.5,3.7,6.8,1.9,2.6,0.5,-1.0,3.7,14.9,-1.0,-1.0
宾高-史密斯,73-74,骑士,82,-1.0,31.9,0.455,6.5,14.4,-0.01,-1.0,-1.0,0.822,1.7,2.1,5.3,1.6,3.7,2.4,1.1,0.4,-1.0,3.0,14.8,-1.0,-1.0
吉姆-琼恩斯,73-74,美洲狮,83,-1.0,28.8,0.526,6.4,12.3,0.0,0.0,0.0,0.615,1.9,3.0,7.8,2.3,5.5,1.4,0.7,1.6,2.5,4.2,14.8,-1.0,-1.0
吉姆-伊肯斯,73-74,大地主,84,-1.0,31.5,0.52,5.3,10.2,0.0,0.0,0.0,0.785,4.0,5.1,9.6,3.5,6.1,2.8,0.8,1.2,2.7,3.2,14.6,-1.0,-1.0
基斯-埃里克森,73-74,太阳,66,-1.0,30.8,0.477,6.0,12.5,-0.01,-1.0,-1.0,0.801,2.7,3.3,6.3,1.4,4.8,3.1,1.0,0.3,-1.0,2.9,14.6,-1.0,-1.0
泰瑞斯-格兰特,73-74,-1,59,-1.0,22.5,0.523,6.1,11.6,0.25,0.0,0.1,0.793,2.4,3.0,5.1,1.8,3.3,1.1,0.8,0.2,1.5,2.0,14.6,-1.0,-1.0
约翰-威廉姆斯,73-74,老篮网,77,-1.0,29.4,0.491,6.3,12.8,0.182,0.0,0.1,0.789,1.9,2.5,2.8,0.9,1.9,3.2,1.1,0.4,2.7,3.3,14.5,-1.0,-1.0
达夫-罗比斯,73-74,火箭,84,-1.0,29.4,0.473,5.3,11.3,-0.01,0.0,0.0,0.774,3.8,4.9,8.4,2.6,5.8,1.8,0.5,0.8,1.2,2.7,14.5,-1.0,-1.0
哈皮-海尔斯顿,73-74,湖人,77,-1.0,34.2,0.507,5.0,9.9,-0.01,-1.0,-1.0,0.771,4.5,5.8,13.5,4.4,9.2,2.7,0.8,0.2,-1.0,3.4,14.5,-1.0,-1.0
乔-考德威尔,73-74,美洲狮,79,-1.0,33.6,0.489,6.4,13.0,0.176,0.0,0.2,0.496,1.6,3.3,5.2,2.2,3.0,4.4,2.2,0.4,3.1,3.2,14.4,-1.0,-1.0
唐尼-弗里曼,73-74,老者,66,-1.0,26.3,0.456,5.8,12.7,0.0,0.0,0.0,0.797,2.7,3.4,2.5,1.4,1.2,2.5,0.7,0.3,2.0,2.6,14.3,-1.0,-1.0
诺姆-范里尔,73-74,公牛,80,-1.0,35.8,0.406,5.3,13.1,-0.01,-1.0,-1.0,0.778,3.6,4.6,4.7,1.4,3.3,6.9,2.0,0.1,-1.0,3.5,14.3,-1.0,-1.0
萨姆-拉西,73-74,国王,79,-1.0,39.3,0.476,5.9,12.4,-0.01,-1.0,-1.0,0.749,2.3,3.1,13.4,3.7,9.6,3.8,1.6,2.3,-1.0,3.2,14.2,-1.0,-1.0
斯温-纳特,73-74,-1,79,-1.0,30.1,0.552,5.9,10.7,0.0,0.0,0.0,0.709,2.3,3.2,12.6,3.6,9.0,1.6,0.4,0.8,2.5,2.7,14.1,-1.0,-1.0
赫姆-吉列姆,73-74,老鹰,62,-1.0,32.3,0.454,6.2,13.6,-0.01,-1.0,-1.0,0.791,1.7,2.2,4.3,1.0,3.3,5.7,2.2,0.3,-1.0,3.1,14.1,-1.0,-1.0
比尔-布拉德利,73-74,尼克斯,82,-1.0,34.3,0.451,6.1,13.6,-0.01,-1.0,-1.0,0.874,1.8,2.0,3.1,0.7,2.4,3.0,0.5,0.3,-1.0,3.4,14.0,-1.0,-1.0
凯文-波特,73-74,子弹,81,-1.0,28.9,0.478,5.9,12.3,-0.01,-1.0,-1.0,0.723,2.2,3.1,2.2,1.0,1.2,5.8,1.2,0.1,-1.0,3.9,14.0,-1.0,-1.0
厄尔-门罗,73-74,尼克斯,41,-1.0,29.1,0.468,5.9,12.5,-0.01,-1.0,-1.0,0.823,2.3,2.8,3.0,0.5,2.4,2.7,0.8,0.5,-1.0,2.4,14.0,-1.0,-1.0
汤姆-欧文斯,73-74,美洲狮,81,-1.0,28.2,0.527,5.5,10.4,0.333,0.0,0.1,0.769,2.8,3.6,8.9,3.7,5.1,1.6,0.7,0.5,2.1,3.8,13.8,-1.0,-1.0
里克-罗伯森,73-74,开拓者,69,-1.0,29.9,0.457,5.3,11.6,-0.01,-1.0,-1.0,0.649,3.0,4.6,10.2,3.6,6.5,1.9,0.9,0.8,-1.0,3.7,13.5,-1.0,-1.0
泽尔莫-贝蒂,73-74,星光,77,-1.0,32.2,0.524,5.4,10.3,0.0,0.0,0.0,0.795,2.5,3.2,8.0,2.2,5.8,1.7,0.8,0.8,1.4,3.0,13.4,-1.0,-1.0
兰迪-丹顿,73-74,檀木,79,-1.0,28.1,0.496,5.7,11.4,0.0,0.0,0.0,0.792,2.0,2.5,9.8,3.2,6.6,1.9,0.7,0.4,2.1,2.8,13.3,-1.0,-1.0
维尔-琼斯,73-74,檀木,81,-1.0,35.1,0.454,5.6,12.3,0.115,0.0,0.3,0.741,2.0,2.7,8.2,2.5,5.7,2.5,1.3,1.0,2.3,3.4,13.2,-1.0,-1.0
杰里-斯隆,73-74,公牛,77,-1.0,37.1,0.447,5.4,12.0,-0.01,-1.0,-1.0,0.711,2.5,3.5,7.2,1.9,5.3,1.9,2.4,0.1,-1.0,3.5,13.2,-1.0,-1.0
约翰-纽曼恩,73-74,-1,87,-1.0,23.6,0.45,5.5,12.3,0.243,0.2,0.9,0.772,1.9,2.5,2.6,1.2,1.4,2.9,1.1,0.3,2.9,3.3,13.2,-1.0,-1.0
沃尔特-贝拉米,73-74,老鹰,77,-1.0,31.7,0.486,5.1,10.4,-0.01,-1.0,-1.0,0.608,3.0,5.0,9.6,3.4,6.2,2.5,0.7,0.6,-1.0,3.0,13.1,-1.0,-1.0
唐-柯基斯,73-74,国王,77,-1.0,27.2,0.478,5.2,10.9,-0.01,-1.0,-1.0,0.772,2.7,3.5,5.0,1.6,3.3,1.4,1.0,0.2,-1.0,2.0,13.1,-1.0,-1.0
阿尔奇-克拉克,73-74,子弹,56,-1.0,31.9,0.467,5.6,12.1,-0.01,-1.0,-1.0,0.786,1.8,2.3,2.5,0.8,1.7,5.1,1.1,0.1,-1.0,2.2,13.1,-1.0,-1.0
泰德-麦克莱恩,73-74,美洲狮,84,-1.0,30.7,0.485,5.0,10.4,0.074,0.0,0.3,0.772,3.0,3.9,4.3,1.4,2.8,4.1,3.0,0.3,2.8,3.9,13.1,-1.0,-1.0
内特-瑟蒙德,73-74,勇士,62,-1.0,39.7,0.444,5.0,11.2,-0.01,-1.0,-1.0,0.666,3.1,4.6,14.2,4.0,10.1,2.7,0.7,2.9,-1.0,2.9,13.0,-1.0,-1.0
奥斯卡-罗波特森,73-74,雄鹿,70,-1.0,35.4,0.438,4.8,11.0,-0.01,-1.0,-1.0,0.835,3.0,3.6,4.0,1.0,3.0,6.4,1.1,0.1,-1.0,1.9,12.7,-1.0,-1.0
康尼尔-霍金斯,73-74,-1,79,-1.0,34.9,0.501,5.1,10.2,-0.01,-1.0,-1.0,0.761,2.4,3.2,7.2,2.2,4.9,5.2,1.4,1.0,-1.0,2.8,12.6,-1.0,-1.0
Willie Long,73-74,火箭,82,-1.0,25.1,0.414,4.7,11.3,0.0,0.0,0.0,0.831,3.3,4.0,5.7,2.4,3.3,1.2,0.7,0.2,1.9,3.0,12.6,-1.0,-1.0
埃尔摩尔-史密斯,73-74,湖人,81,-1.0,36.1,0.457,5.4,11.7,-0.01,-1.0,-1.0,0.59,1.8,3.1,11.2,2.5,8.7,1.9,0.9,4.9,-1.0,3.8,12.5,-1.0,-1.0
约翰-布里斯科尔,73-74,超音速,35,-1.0,20.5,0.449,5.1,11.3,-0.01,-1.0,-1.0,0.82,2.3,2.9,4.2,1.7,2.5,1.6,0.8,0.2,-1.0,2.0,12.5,-1.0,-1.0
Dwight Davis,73-74,骑士,76,-1.0,32.6,0.436,4.9,11.3,-0.01,-1.0,-1.0,0.719,2.6,3.6,8.5,2.3,6.2,2.4,0.8,1.0,-1.0,3.8,12.5,-1.0,-1.0
查克-威廉姆斯,73-74,-1,90,-1.0,32.0,0.441,4.5,10.2,0.333,0.0,0.1,0.783,3.3,4.2,2.8,0.9,1.9,6.2,1.0,0.1,2.8,2.2,12.4,-1.0,-1.0
拜伦-贝克,73-74,火箭,82,-1.0,24.1,0.516,5.2,10.0,0.0,0.0,0.0,0.851,1.5,1.7,5.1,2.0,3.1,0.9,0.6,0.1,1.0,2.8,11.8,-1.0,-1.0
Roger Brown_,73-74,老者,82,-1.0,30.8,0.457,4.6,10.1,0.361,0.7,1.9,0.775,1.9,2.4,4.8,1.4,3.4,2.8,0.7,0.7,1.5,3.0,11.8,-1.0,-1.0
杰克-马琳,73-74,-1,74,-1.0,24.1,0.501,4.8,9.6,-0.01,-1.0,-1.0,0.855,2.1,2.4,3.1,0.8,2.3,2.3,0.6,0.4,-1.0,2.9,11.7,-1.0,-1.0
约翰-洛奇,73-74,-1,84,-1.0,26.0,0.479,4.7,9.9,0.343,0.4,1.3,0.836,1.8,2.1,1.5,0.4,1.0,4.3,0.7,0.2,2.2,1.9,11.6,-1.0,-1.0
保罗-塞拉斯,73-74,凯尔特,82,-1.0,31.7,0.44,4.1,9.4,-0.01,-1.0,-1.0,0.783,3.2,4.1,11.2,4.1,7.1,2.3,0.8,0.2,-1.0,3.0,11.5,-1.0,-1.0
Bird Averitt,73-74,老刺,74,-1.0,22.1,0.376,4.6,12.3,0.18,0.1,0.7,0.696,2.1,3.0,1.6,0.6,1.0,1.8,0.9,0.1,1.9,2.2,11.5,-1.0,-1.0
唐-尼尔森,73-74,凯尔特,82,-1.0,21.3,0.508,4.4,8.7,-0.01,-1.0,-1.0,0.788,2.6,3.3,4.2,1.1,3.1,2.0,0.2,0.2,-1.0,2.3,11.5,-1.0,-1.0
吉姆-巴奈特,73-74,勇士,77,-1.0,21.9,0.464,4.5,9.8,-0.01,-1.0,-1.0,0.814,2.4,2.9,2.9,1.0,1.9,2.7,0.7,0.1,-1.0,1.9,11.5,-1.0,-1.0
迈克-格林,73-74,火箭,79,-1.0,20.9,0.459,4.6,10.1,0.5,0.0,0.0,0.748,2.1,2.9,7.4,2.8,4.5,0.8,0.6,1.6,1.6,2.4,11.4,-1.0,-1.0
吉姆-福克斯,73-74,超音速,78,-1.0,27.9,0.478,4.1,8.6,-0.01,-1.0,-1.0,0.823,3.1,3.8,9.2,3.1,6.0,2.9,0.7,0.3,-1.0,3.2,11.3,-1.0,-1.0
Joe Hamilton,73-74,-1,73,-1.0,26.9,0.397,4.5,11.4,0.257,0.5,2.0,0.818,1.6,2.0,2.3,0.6,1.7,3.3,1.0,0.1,1.5,2.1,11.2,-1.0,-1.0
菲尔-杰克逊,73-74,尼克斯,82,-1.0,25.0,0.477,4.4,9.2,-0.01,-1.0,-1.0,0.776,2.3,3.0,5.8,1.5,4.3,1.6,0.5,0.8,-1.0,3.4,11.1,-1.0,-1.0
布莱恩-泰勒,73-74,老篮网,75,-1.0,33.4,0.476,4.8,10.2,0.276,0.1,0.4,0.699,1.3,1.9,2.9,1.2,1.6,4.5,2.1,0.3,2.2,2.6,11.1,-1.0,-1.0
科勒姆-哈斯金斯,73-74,太阳,81,-1.0,22.5,0.46,4.5,9.8,-0.01,-1.0,-1.0,0.842,2.1,2.5,2.7,1.0,1.8,3.2,1.0,0.2,-1.0,2.0,11.1,-1.0,-1.0
威利斯-里德,73-74,尼克斯,19,-1.0,26.3,0.457,4.4,9.7,-0.01,-1.0,-1.0,0.792,2.2,2.8,7.4,2.5,4.9,1.6,0.6,1.1,-1.0,2.6,11.1,-1.0,-1.0
罗恩-比哈根,73-74,国王,80,-1.0,25.7,0.432,4.5,10.3,-0.01,-1.0,-1.0,0.764,2.0,2.7,7.1,2.4,4.7,1.7,0.7,0.5,-1.0,3.6,11.0,-1.0,-1.0
扎伊德-阿卜杜勒-阿齐兹,73-74,火箭,79,-1.0,31.1,0.459,4.3,9.3,-0.01,-1.0,-1.0,0.804,2.4,3.0,11.7,3.3,8.4,2.1,1.0,1.3,-1.0,2.9,10.9,-1.0,-1.0
史蒂夫-琼斯,73-74,-1,86,-1.0,24.3,0.445,4.7,10.5,0.302,0.2,0.5,0.762,1.5,2.0,2.7,0.7,2.0,2.2,0.3,0.2,2.0,2.6,10.9,-1.0,-1.0
Al Smith,73-74,火箭,76,-1.0,32.0,0.399,4.1,10.3,0.306,0.3,0.9,0.773,2.5,3.2,3.2,0.7,2.4,8.1,1.3,0.1,3.6,3.4,10.9,-1.0,-1.0
迪克-吉布斯,73-74,超音速,71,-1.0,21.5,0.431,4.3,9.9,-0.01,-1.0,-1.0,0.806,2.3,2.8,3.1,1.3,1.9,1.1,0.5,0.3,-1.0,2.7,10.8,-1.0,-1.0
Glen Combs,73-74,-1,76,-1.0,26.1,0.437,4.0,9.2,0.354,0.7,1.9,0.736,2.1,2.8,1.9,0.6,1.3,4.0,0.7,0.1,1.9,2.0,10.7,-1.0,-1.0
柯蒂斯-罗威,73-74,活塞,82,-1.0,30.5,0.494,4.6,9.4,-0.01,-1.0,-1.0,0.698,1.4,2.1,6.3,2.0,4.2,1.7,0.6,0.4,-1.0,2.2,10.7,-1.0,-1.0
唐-钱尼,73-74,凯尔特,81,-1.0,27.9,0.464,4.3,9.3,-0.01,-1.0,-1.0,0.828,1.8,2.2,4.7,2.6,2.1,2.2,1.0,0.8,-1.0,3.0,10.4,-1.0,-1.0
唐-亚当斯,73-74,活塞,74,-1.0,31.1,0.408,4.1,10.0,-0.01,-1.0,-1.0,0.761,2.1,2.7,6.1,1.8,4.3,1.9,1.5,0.2,-1.0,3.3,10.3,-1.0,-1.0
布奇-贝尔德,73-74,勇士,79,-1.0,27.0,0.512,4.0,7.8,-0.01,-1.0,-1.0,0.739,2.2,3.0,4.9,1.7,3.2,3.8,1.3,0.1,-1.0,3.1,10.2,-1.0,-1.0
迈克-班图姆,73-74,太阳,76,-1.0,26.1,0.399,4.1,10.4,-0.01,-1.0,-1.0,0.662,1.9,2.8,6.8,2.3,4.6,2.1,0.7,0.6,-1.0,3.8,10.1,-1.0,-1.0
拉里-琼斯,73-74,76人,72,-1.0,26.1,0.423,3.7,8.6,-0.01,-1.0,-1.0,0.838,2.7,3.3,2.6,1.0,1.6,3.2,1.2,0.3,-1.0,1.6,10.0,-1.0,-1.0
吉姆-华盛顿,73-74,老鹰,73,-1.0,34.5,0.485,4.1,8.4,-0.01,-1.0,-1.0,0.684,1.8,2.7,10.1,2.8,7.2,2.1,0.7,1.0,-1.0,3.4,10.0,-1.0,-1.0
弗莱迪-刘易斯,73-74,老者,78,-1.0,27.7,0.398,3.7,9.3,0.181,0.2,0.9,0.831,2.3,2.8,2.6,1.1,1.5,4.1,1.3,0.1,2.2,2.4,9.9,-1.0,-1.0
莱罗伊-艾利斯,73-74,76人,81,-1.0,35.0,0.452,4.0,8.9,-0.01,-1.0,-1.0,0.75,1.8,2.4,11.0,3.6,7.4,2.3,1.1,1.1,-1.0,2.8,9.9,-1.0,-1.0
Bob Netolicky,73-74,-1,75,-1.0,21.9,0.488,4.2,8.6,0.333,0.0,0.1,0.642,1.4,2.2,5.2,2.3,2.9,1.3,0.4,0.4,1.3,1.5,9.8,-1.0,-1.0
克里夫-米利,73-74,火箭,77,-1.0,22.8,0.427,4.3,10.0,-0.01,-1.0,-1.0,0.643,1.2,1.8,5.7,1.3,4.4,1.6,0.7,1.0,-1.0,3.0,9.7,-1.0,-1.0
拉里-斯蒂尔,73-74,开拓者,81,-1.0,32.7,0.478,4.0,8.4,-0.01,-1.0,-1.0,0.789,1.7,2.1,3.8,1.1,2.7,4.0,2.7,0.4,-1.0,3.6,9.7,-1.0,-1.0
Fatty Taylor,73-74,大地主,80,-1.0,35.2,0.412,3.7,8.9,0.158,0.0,0.2,0.723,2.3,3.2,4.7,1.6,3.2,5.2,2.7,0.2,3.5,3.4,9.7,-1.0,-1.0
Charles Edge,73-74,檀木,78,-1.0,25.0,0.5,4.0,8.0,0.0,0.0,0.0,0.681,1.6,2.3,8.2,3.2,5.0,0.9,0.8,0.9,1.7,1.8,9.6,-1.0,-1.0
Bill Keller,73-74,老者,75,-1.0,19.0,0.454,3.7,8.2,0.382,0.7,1.7,0.87,1.4,1.6,1.7,0.6,1.1,2.3,0.5,0.0,1.3,1.1,9.5,-1.0,-1.0
Freddie Boyd,73-74,76人,75,-1.0,24.2,0.402,3.8,9.5,-0.01,-1.0,-1.0,0.723,1.9,2.6,1.2,0.2,1.0,3.3,0.8,0.1,-1.0,2.3,9.5,-1.0,-1.0
帕特-莱利,73-74,湖人,72,-1.0,18.9,0.43,4.0,9.3,-0.01,-1.0,-1.0,0.764,1.5,2.0,1.8,0.5,1.3,2.1,0.8,0.0,-1.0,2.4,9.5,-1.0,-1.0
霍华德-波特,73-74,公牛,73,-1.0,16.8,0.45,4.1,9.0,-0.01,-1.0,-1.0,0.8,1.3,1.6,3.9,1.2,2.7,0.4,0.3,0.5,-1.0,1.6,9.4,-1.0,-1.0
克里福德-雷,73-74,公牛,80,-1.0,32.9,0.511,3.9,7.7,-0.01,-1.0,-1.0,0.608,1.5,2.5,12.2,3.6,8.7,3.1,0.7,2.2,-1.0,3.5,9.3,-1.0,-1.0
乔治-特拉普,73-74,活塞,82,-1.0,18.2,0.481,4.1,8.5,-0.01,-1.0,-1.0,0.739,1.2,1.6,3.8,1.2,2.6,1.0,0.6,0.4,-1.0,2.8,9.3,-1.0,-1.0
约翰-布朗,73-74,老鹰,77,-1.0,22.3,0.438,3.6,8.2,-0.01,-1.0,-1.0,0.751,2.1,2.8,5.7,2.3,3.4,1.5,0.4,0.2,-1.0,3.1,9.3,-1.0,-1.0
乔恩-麦克格洛克林,73-74,雄鹿,79,-1.0,24.2,0.475,4.2,8.8,-0.01,-1.0,-1.0,0.9,0.9,1.0,1.8,0.4,1.3,3.1,0.5,0.1,-1.0,1.6,9.2,-1.0,-1.0
迈克-盖尔,73-74,-1,80,-1.0,31.2,0.436,3.9,9.0,0.118,0.0,0.2,0.75,1.3,1.8,4.6,1.3,3.3,4.1,2.1,1.0,2.2,3.0,9.2,-1.0,-1.0
达内尔-希尔曼,73-74,老者,83,-1.0,27.9,0.498,4.0,7.9,0.375,0.0,0.1,0.518,1.2,2.3,8.1,2.4,5.8,1.2,0.8,2.1,2.1,3.6,9.1,-1.0,-1.0
柯蒂斯-佩里,73-74,雄鹿,81,-1.0,29.5,0.446,4.0,9.0,-0.01,-1.0,-1.0,0.582,1.0,1.7,8.7,3.0,5.7,2.3,1.3,1.2,-1.0,3.7,9.0,-1.0,-1.0
马乌-罗伯茨,73-74,-1,74,-1.0,21.6,0.445,3.6,8.1,1.0,0.0,0.0,0.787,1.7,2.2,5.0,2.2,2.8,1.6,0.6,0.1,1.4,2.1,8.9,-1.0,-1.0
斯图-朗姿,73-74,活塞,50,-1.0,19.6,0.427,3.1,7.2,-0.01,-1.0,-1.0,0.848,2.8,3.3,2.3,0.7,1.6,1.9,0.8,0.1,-1.0,1.6,8.9,-1.0,-1.0
Larry Miller,73-74,-1,80,-1.0,24.6,0.44,3.5,8.0,0.0,0.0,0.0,0.662,1.9,2.9,2.6,1.1,1.5,1.8,0.7,0.1,1.5,1.7,8.9,-1.0,-1.0
约翰-蒙格尔特,73-74,活塞,77,-1.0,20.2,0.446,3.2,7.2,-0.01,-1.0,-1.0,0.795,2.4,3.0,2.7,0.5,2.2,1.9,0.9,0.1,-1.0,2.1,8.8,-1.0,-1.0
弗林-罗宾逊,73-74,征服者,49,-1.0,15.9,0.457,3.8,8.3,0.267,0.2,0.6,0.765,1.1,1.4,1.6,0.6,1.0,2.3,0.5,0.0,1.0,1.5,8.8,-1.0,-1.0
达夫-塔沃德兹克,73-74,大地主,57,-1.0,24.8,0.475,2.9,6.0,0.2,0.1,0.3,0.785,2.9,3.8,3.2,0.9,2.3,3.0,1.1,0.1,2.1,3.0,8.7,-1.0,-1.0
约翰-布洛克,73-74,国王,82,-1.0,21.7,0.434,3.4,7.7,-0.01,-1.0,-1.0,0.796,2.0,2.5,4.7,1.6,3.2,1.1,0.8,0.4,-1.0,2.8,8.7,-1.0,-1.0
Wilbert Robinson,73-74,檀木,45,-1.0,21.2,0.413,3.7,8.9,0.0,0.0,0.1,0.851,1.3,1.5,1.8,0.6,1.1,2.9,1.1,0.2,2.0,2.8,8.6,-1.0,-1.0
George Irvine,73-74,大地主,75,-1.0,15.2,0.492,3.4,6.9,0.261,0.2,0.6,0.87,1.6,1.8,2.4,0.7,1.6,1.0,0.4,0.2,0.9,1.8,8.5,-1.0,-1.0
鲍伯-维斯,73-74,公牛,79,-1.0,21.6,0.466,3.3,7.1,-0.01,-1.0,-1.0,0.835,1.8,2.2,1.3,0.4,0.9,3.8,1.3,0.2,-1.0,2.0,8.5,-1.0,-1.0
Wendell Ladner,73-74,-1,64,-1.0,24.5,0.364,3.8,10.5,0.267,0.4,1.4,0.547,0.5,0.8,6.7,1.7,5.0,2.3,1.7,0.1,2.0,3.6,8.5,-1.0,-1.0
比尔-布里奇斯,73-74,湖人,65,-1.0,27.9,0.421,3.3,7.9,-0.01,-1.0,-1.0,0.707,1.8,2.5,7.7,3.0,4.7,2.3,0.9,0.5,-1.0,3.4,8.4,-1.0,-1.0
Mike Jackson,73-74,-1,72,-1.0,20.5,0.505,3.4,6.8,0.429,0.0,0.1,0.724,1.5,2.1,5.3,1.9,3.3,0.8,0.3,0.2,1.5,3.1,8.4,-1.0,-1.0
Gene Littles,73-74,美洲狮,84,-1.0,24.0,0.47,3.5,7.5,0.174,0.0,0.3,0.714,1.4,1.9,2.8,1.0,1.7,3.3,1.3,0.2,1.5,1.9,8.4,-1.0,-1.0
Red Robbins,73-74,-1,80,-1.0,20.3,0.478,3.5,7.2,0.077,0.0,0.2,0.853,1.5,1.7,4.8,1.8,3.0,1.1,0.5,0.4,1.1,1.4,8.4,-1.0,-1.0
迪恩-梅明格,73-74,尼克斯,78,-1.0,26.7,0.508,3.5,6.9,-0.01,-1.0,-1.0,0.644,1.3,2.1,3.6,1.6,2.0,2.1,0.8,0.1,-1.0,2.1,8.3,-1.0,-1.0
Jim Bradley,73-74,上校,35,-1.0,25.3,0.421,3.7,8.8,0.0,0.0,0.1,0.705,0.9,1.3,6.1,1.9,4.2,1.4,1.1,0.8,1.6,3.0,8.3,-1.0,-1.0
艾德-曼宁,73-74,美洲狮,82,-1.0,22.1,0.488,3.6,7.4,0.5,0.0,0.0,0.851,1.0,1.2,4.5,1.3,3.2,1.2,1.1,0.2,1.2,2.6,8.3,-1.0,-1.0
Rick Mount,73-74,-1,52,-1.0,14.5,0.437,3.4,7.9,0.261,0.2,0.9,0.831,1.1,1.4,1.2,0.5,0.6,1.3,0.5,0.0,0.9,1.5,8.3,-1.0,-1.0
考奇-卡尔霍恩,73-74,太阳,77,-1.0,28.7,0.461,3.5,7.5,-0.01,-1.0,-1.0,0.76,1.3,1.7,5.3,1.5,3.8,1.8,0.9,0.4,-1.0,3.3,8.2,-1.0,-1.0
德怀特-琼斯,73-74,老鹰,74,-1.0,19.6,0.474,3.2,6.8,-0.01,-1.0,-1.0,0.744,1.6,2.1,6.1,2.0,4.2,1.2,0.4,0.9,-1.0,2.7,8.0,-1.0,-1.0
斯里克-沃茨,73-74,超音速,62,-1.0,23.0,0.388,3.2,8.2,-0.01,-1.0,-1.0,0.645,1.6,2.5,2.9,1.2,1.8,5.7,1.9,0.2,-1.0,3.3,8.0,-1.0,-1.0
Lee Davis,73-74,檀木,79,-1.0,20.7,0.451,3.4,7.5,0.25,0.0,0.1,0.645,1.2,1.9,5.3,1.8,3.5,1.8,0.4,0.5,1.3,3.0,8.0,-1.0,-1.0
道格-科林斯,73-74,76人,25,-1.0,17.4,0.371,2.9,7.8,-0.01,-1.0,-1.0,0.764,2.2,2.9,1.8,0.3,1.6,1.6,0.5,0.1,-1.0,2.6,8.0,-1.0,-1.0
威利-诺伍德,73-74,活塞,74,-1.0,15.9,0.51,3.3,6.5,-0.01,-1.0,-1.0,0.664,1.3,1.9,3.1,1.3,1.8,0.8,0.8,0.1,-1.0,2.1,8.0,-1.0,-1.0
史蒂夫-帕特森,73-74,骑士,76,-1.0,25.1,0.437,3.4,7.9,-0.01,-1.0,-1.0,0.616,0.9,1.5,8.1,2.9,5.2,2.2,0.6,0.8,-1.0,2.5,7.8,-1.0,-1.0
乔治-卡尔,73-74,老刺,74,-1.0,18.1,0.47,3.2,6.8,0.364,0.1,0.3,0.832,1.3,1.5,1.7,0.6,1.1,2.2,0.9,0.1,1.2,2.2,7.8,-1.0,-1.0
保罗-斯托瓦尔,73-74,征服者,13,-1.0,14.9,0.493,2.8,5.6,-0.01,0.0,0.0,0.636,2.2,3.4,4.5,1.6,2.8,0.9,0.3,0.5,1.6,2.5,7.7,-1.0,-1.0
罗伊德-尼尔,73-74,开拓者,80,-1.0,19.0,0.49,3.1,6.3,-0.01,-1.0,-1.0,0.696,1.5,2.1,6.2,1.9,4.3,1.1,0.6,0.9,-1.0,2.4,7.6,-1.0,-1.0
尼克-威瑟斯庞,73-74,子弹,65,-1.0,18.7,0.412,3.1,7.4,-0.01,-1.0,-1.0,0.691,1.5,2.1,6.1,2.0,4.1,0.6,0.7,0.2,-1.0,2.8,7.6,-1.0,-1.0
艾德-拉特莱弗,73-74,火箭,81,-1.0,21.9,0.434,3.1,7.2,-0.01,-1.0,-1.0,0.798,1.3,1.6,3.5,1.1,2.4,2.2,1.1,0.3,-1.0,2.2,7.5,-1.0,-1.0
亨利-毕比,73-74,尼克斯,66,-1.0,14.9,0.452,3.2,7.0,-0.01,-1.0,-1.0,0.83,1.1,1.3,2.0,0.7,1.3,1.4,1.0,0.0,-1.0,1.9,7.5,-1.0,-1.0
托比-金宝尔,73-74,76人,75,-1.0,21.2,0.474,2.9,6.1,-0.01,-1.0,-1.0,0.686,1.7,2.5,7.4,2.5,4.9,1.0,0.7,0.3,-1.0,2.7,7.5,-1.0,-1.0
肯尼-麦金托斯,73-74,超音速,69,-1.0,29.8,0.389,3.2,8.3,-0.01,-1.0,-1.0,0.607,0.9,1.6,5.2,1.6,3.6,1.4,0.8,0.4,-1.0,2.6,7.4,-1.0,-1.0
史蒂夫-布雷西,73-74,老鹰,75,-1.0,19.5,0.463,3.2,6.9,-0.01,-1.0,-1.0,0.719,0.9,1.3,1.9,0.3,1.6,3.1,0.8,0.1,-1.0,2.1,7.3,-1.0,-1.0
Kevin Joyce,73-74,老者,56,-1.0,17.6,0.396,3.1,7.7,0.185,0.1,0.5,0.821,1.1,1.4,1.6,0.6,1.1,2.3,0.6,0.1,1.4,1.5,7.3,-1.0,-1.0
George Adams,73-74,征服者,80,-1.0,17.9,0.5,3.2,6.3,0.143,0.0,0.1,0.757,1.0,1.3,4.3,1.6,2.7,1.6,0.6,0.3,1.5,1.4,7.3,-1.0,-1.0
约翰-贾内利,73-74,尼克斯,70,-1.0,20.3,0.479,3.0,6.2,-0.01,-1.0,-1.0,0.76,1.3,1.7,4.9,1.6,3.3,1.1,0.3,0.6,-1.0,2.3,7.3,-1.0,-1.0
Charles Johnson,73-74,勇士,59,-1.0,17.8,0.415,3.3,7.9,-0.01,-1.0,-1.0,0.691,0.6,0.9,3.0,0.8,2.1,1.7,1.1,0.1,-1.0,1.9,7.2,-1.0,-1.0
加里-梅尔西奥尼,73-74,太阳,69,-1.0,18.1,0.46,2.9,6.4,-0.01,-1.0,-1.0,0.86,1.3,1.6,2.1,0.7,1.4,2.1,0.6,0.1,-1.0,1.2,7.2,-1.0,-1.0
保罗-韦斯特法尔,73-74,凯尔特,82,-1.0,14.2,0.501,2.9,5.8,-0.01,-1.0,-1.0,0.732,1.4,1.9,1.7,0.6,1.1,2.1,0.5,0.4,-1.0,2.1,7.2,-1.0,-1.0
鲍伯-卢尔,73-74,骑士,26,-1.0,20.8,0.396,2.9,7.4,-0.01,-1.0,-1.0,0.739,1.3,1.8,4.0,1.7,2.3,1.8,0.5,0.4,-1.0,2.7,7.2,-1.0,-1.0
Gene Moore,73-74,征服者,49,-1.0,18.3,0.453,3.1,6.9,0.143,0.0,0.1,0.482,0.8,1.7,6.0,2.0,4.0,1.2,0.5,1.0,1.5,2.7,7.1,-1.0,-1.0
克里斯-福特,73-74,活塞,82,-1.0,25.1,0.444,3.2,7.3,-0.01,-1.0,-1.0,0.74,0.7,0.9,3.7,1.3,2.4,3.4,1.8,0.2,-1.0,1.9,7.1,-1.0,-1.0
Jimmy O'Brien,73-74,-1,72,-1.0,18.3,0.411,2.9,7.1,0.259,0.1,0.4,0.832,1.1,1.3,1.9,0.7,1.2,3.5,0.9,0.0,1.6,1.1,7.1,-1.0,-1.0
Gerald Govan,73-74,星光,83,-1.0,33.3,0.471,3.1,6.5,0.0,0.0,0.0,0.689,0.9,1.3,8.8,1.7,7.1,3.0,0.7,0.6,1.9,3.1,7.0,-1.0,-1.0
唐-梅,73-74,76人,56,-1.0,14.5,0.414,2.7,6.6,-0.01,-1.0,-1.0,0.873,1.6,1.8,2.4,0.4,2.0,1.1,0.4,0.1,-1.0,2.4,7.0,-1.0,-1.0
伯尼尔-弗莱尔,73-74,开拓者,80,-1.0,20.9,0.46,2.8,6.1,-0.01,-1.0,-1.0,0.793,1.3,1.7,2.0,0.8,1.2,3.5,1.2,0.1,-1.0,2.3,7.0,-1.0,-1.0
布鲁斯-希欧斯,73-74,星光,78,-1.0,17.4,0.379,2.9,7.8,0.211,0.2,1.2,0.63,0.9,1.4,3.6,1.3,2.3,0.7,0.7,0.7,1.0,2.6,7.0,-1.0,-1.0
吉姆-克莱蒙斯,73-74,骑士,81,-1.0,20.3,0.433,2.9,6.7,-0.01,-1.0,-1.0,0.699,1.1,1.6,2.8,0.8,2.1,2.8,0.8,0.2,-1.0,1.9,7.0,-1.0,-1.0
考比-迪特里克,73-74,老刺,84,-1.0,25.5,0.441,3.0,6.8,0.0,0.0,0.0,0.711,1.0,1.4,6.3,2.4,4.0,3.0,1.1,0.6,1.8,3.4,6.9,-1.0,-1.0
蒂姆-巴塞特,73-74,征服者,82,-1.0,22.6,0.467,2.8,6.1,0.0,0.0,0.0,0.593,1.2,2.0,7.3,3.1,4.2,1.3,0.7,0.4,1.1,2.3,6.9,-1.0,-1.0
约翰-巴图姆,73-74,-1,60,-1.0,20.3,0.45,3.0,6.7,-0.01,0.0,0.0,0.82,0.8,1.0,3.4,1.4,2.0,1.0,0.6,0.3,0.8,1.7,6.8,-1.0,-1.0
Larry Finch,73-74,檀木,65,-1.0,17.8,0.411,2.5,6.1,0.269,0.1,0.4,0.794,1.7,2.1,1.1,0.4,0.8,1.7,0.4,0.0,1.5,2.5,6.8,-1.0,-1.0
Walter Simon,73-74,上校,80,-1.0,14.6,0.474,2.9,6.2,0.154,0.0,0.2,0.838,0.7,0.9,2.6,0.8,1.8,1.5,0.5,0.1,1.0,1.7,6.6,-1.0,-1.0
约翰-哈默,73-74,-1,53,-1.0,21.1,0.472,2.7,5.8,-0.01,-1.0,-1.0,0.476,1.1,2.3,5.3,1.6,3.8,2.0,0.5,0.4,-1.0,2.2,6.5,-1.0,-1.0
Billy Schaeffer,73-74,老篮网,59,-1.0,14.8,0.497,2.9,5.8,0.222,0.0,0.2,0.759,0.7,0.9,2.4,0.8,1.6,0.6,0.4,0.2,0.9,2.4,6.5,-1.0,-1.0
吉姆-阿德,73-74,檀木,27,-1.0,18.6,0.402,2.4,6.1,1.0,0.1,0.1,0.784,1.5,1.9,5.9,1.8,4.1,1.5,0.6,0.9,1.6,1.6,6.4,-1.0,-1.0
Ronnie Robinson,73-74,-1,62,-1.0,18.9,0.442,2.8,6.4,0.0,0.0,0.0,0.671,0.8,1.2,4.5,1.7,2.9,0.8,0.3,0.1,1.1,2.0,6.4,-1.0,-1.0
Bud Stallworth,73-74,超音速,67,-1.0,15.2,0.392,2.8,7.1,-0.01,-1.0,-1.0,0.623,0.7,1.1,2.6,0.8,1.8,0.5,0.3,0.2,-1.0,1.9,6.3,-1.0,-1.0
奥利-约翰逊,73-74,开拓者,79,-1.0,21.7,0.482,2.6,5.5,-0.01,-1.0,-1.0,0.819,1.0,1.2,4.1,1.5,2.6,2.1,0.8,0.4,-1.0,2.3,6.3,-1.0,-1.0
阿隆-威廉姆斯,73-74,雄鹿,71,-1.0,15.9,0.489,2.7,5.5,-0.01,-1.0,-1.0,0.882,0.8,1.0,1.0,0.3,0.7,2.2,0.7,0.0,-1.0,1.6,6.3,-1.0,-1.0
杰里-卢卡斯,73-74,尼克斯,73,-1.0,22.3,0.462,2.7,5.8,-0.01,-1.0,-1.0,0.698,0.9,1.3,5.1,0.8,4.3,3.2,0.4,0.3,-1.0,1.8,6.2,-1.0,-1.0
Roy Ebron,73-74,星光,40,-1.0,13.2,0.488,2.6,5.3,0.0,0.0,0.0,0.512,1.1,2.1,4.4,2.0,2.4,0.5,0.4,0.8,0.9,1.7,6.2,-1.0,-1.0
乔治-约翰逊,73-74,勇士,66,-1.0,19.6,0.483,2.6,5.4,-0.01,-1.0,-1.0,0.551,0.9,1.6,7.9,2.9,5.0,1.1,0.5,1.9,-1.0,2.7,6.1,-1.0,-1.0
Oliver Taylor,73-74,-1,31,-1.0,16.7,0.433,2.1,4.8,0.5,0.1,0.1,0.674,1.9,2.8,2.8,1.1,1.7,1.7,0.6,0.2,1.9,2.0,6.1,-1.0,-1.0
吉姆-布鲁尔,73-74,骑士,82,-1.0,22.7,0.383,2.6,6.7,-0.01,-1.0,-1.0,0.65,1.0,1.5,6.4,2.5,3.9,1.8,0.6,0.4,-1.0,2.3,6.1,-1.0,-1.0
鲍伯-考夫曼,73-74,勇敢者,74,-1.0,17.6,0.467,2.3,4.9,-0.01,-1.0,-1.0,0.713,1.4,2.0,4.4,1.3,3.1,1.9,0.5,0.2,-1.0,2.1,6.1,-1.0,-1.0
Billy Shepherd,73-74,征服者,84,-1.0,20.7,0.377,2.4,6.3,0.322,0.8,2.4,0.636,0.5,0.8,1.3,0.3,1.0,4.4,1.2,0.1,1.4,1.2,6.0,-1.0,-1.0
康奈尔-沃纳,73-74,-1,72,-1.0,19.5,0.499,2.4,4.8,-0.01,-1.0,-1.0,0.746,1.2,1.6,5.5,1.5,4.0,1.0,0.4,0.6,-1.0,2.8,6.0,-1.0,-1.0
克莱德-李,73-74,勇士,54,-1.0,30.4,0.454,2.4,5.3,-0.01,-1.0,-1.0,0.579,1.1,2.0,11.1,3.5,7.6,1.3,0.5,0.3,-1.0,3.3,5.9,-1.0,-1.0
Mickey Davis,73-74,雄鹿,73,-1.0,13.9,0.504,2.3,4.6,-0.01,-1.0,-1.0,0.83,1.3,1.5,3.1,1.1,2.0,1.2,0.4,0.1,-1.0,1.3,5.9,-1.0,-1.0
Goo Kennedy,73-74,老刺,76,-1.0,18.9,0.551,2.6,4.6,-0.01,0.0,0.0,0.69,0.8,1.1,5.1,1.6,3.5,1.1,0.8,0.2,1.0,3.2,5.9,-1.0,-1.0
杰里-钱伯斯,73-74,老刺,38,-1.0,15.2,0.456,2.5,5.4,-0.01,0.0,0.0,0.75,0.9,1.3,2.7,1.0,1.7,1.1,0.3,0.1,0.7,1.9,5.9,-1.0,-1.0
韦斯-昂塞尔德,73-74,子弹,56,-1.0,30.8,0.438,2.6,5.9,-0.01,-1.0,-1.0,0.655,0.6,1.0,9.2,2.7,6.5,2.8,1.0,0.3,-1.0,2.2,5.9,-1.0,-1.0
拉里-麦克内尔,73-74,国王,54,-1.0,9.6,0.482,2.0,4.1,-0.01,-1.0,-1.0,0.707,1.8,2.6,2.7,1.1,1.6,0.4,0.6,0.1,-1.0,1.4,5.8,-1.0,-1.0
Mo Layton,73-74,-1,25,-1.0,15.7,0.488,2.5,5.2,-0.01,0.0,0.0,0.586,0.7,1.2,1.5,0.3,1.2,2.3,0.4,0.1,0.3,2.0,5.7,-1.0,-1.0
马特-古奥卡斯,73-74,-1,75,-1.0,24.9,0.492,2.6,5.3,-0.01,-1.0,-1.0,0.65,0.5,0.8,1.6,0.4,1.2,3.2,0.7,0.3,-1.0,2.0,5.7,-1.0,-1.0
拉里-卡农,73-74,-1,22,-1.0,16.4,0.388,2.4,6.1,-0.01,0.0,0.0,0.645,0.9,1.4,1.8,0.8,1.0,2.5,0.3,0.2,0.1,2.3,5.6,-1.0,-1.0
斯坦-乐福,73-74,湖人,51,-1.0,13.7,0.428,2.3,5.5,-0.01,-1.0,-1.0,0.766,1.0,1.3,3.3,1.1,2.3,0.9,0.5,0.4,-1.0,2.6,5.6,-1.0,-1.0
Willard Sojourner,73-74,老篮网,82,-1.0,16.0,0.482,2.5,5.1,0.0,0.0,0.0,0.844,0.7,0.8,4.1,1.3,2.7,0.7,0.3,1.1,1.0,2.5,5.6,-1.0,-1.0
吉姆-麦克丹尼尔斯,73-74,超音速,27,-1.0,16.3,0.364,2.3,6.4,-0.01,-1.0,-1.0,0.535,0.9,1.6,4.7,1.9,2.9,0.9,0.3,0.6,-1.0,1.8,5.5,-1.0,-1.0
唐-布斯,73-74,老者,77,-1.0,24.4,0.398,2.2,5.5,0.336,0.5,1.4,0.686,0.6,0.9,3.3,1.1,2.2,3.4,1.9,0.3,1.0,1.4,5.5,-1.0,-1.0
Barry Clemens,73-74,骑士,71,-1.0,12.9,0.471,2.3,4.9,-0.01,-1.0,-1.0,0.849,0.9,1.0,2.3,0.6,1.7,1.1,0.5,0.0,-1.0,1.9,5.5,-1.0,-1.0
比尔-张伯伦,73-74,太阳,28,-1.0,13.1,0.438,2.0,4.6,-0.01,-1.0,-1.0,0.696,1.4,2.0,2.9,1.2,1.7,1.3,0.7,0.4,-1.0,2.6,5.5,-1.0,-1.0
Patrick McFarland,73-74,火箭,67,-1.0,11.3,0.443,2.4,5.4,0.333,0.1,0.4,0.673,0.5,0.8,2.0,0.9,1.1,1.0,0.3,0.1,0.6,1.0,5.4,-1.0,-1.0
比尔-梅尔西奥尼,73-74,老篮网,56,-1.0,20.5,0.42,2.1,4.9,0.217,0.1,0.4,0.831,1.1,1.3,1.4,0.2,1.1,3.7,0.9,0.1,1.5,1.7,5.3,-1.0,-1.0
E.C.-科尔曼,73-74,火箭,58,-1.0,18.5,0.512,2.2,4.3,-0.01,-1.0,-1.0,0.635,0.8,1.3,4.3,1.4,2.9,1.3,0.6,0.3,-1.0,2.8,5.2,-1.0,-1.0
乔治-莱赫曼,73-74,檀木,33,-1.0,16.8,0.384,2.1,5.4,0.36,0.5,1.5,0.947,0.5,0.6,1.1,0.2,0.9,3.5,0.4,0.1,1.6,1.6,5.2,-1.0,-1.0
史蒂夫-库佩斯基,73-74,凯尔特,78,-1.0,12.6,0.427,2.0,4.7,-0.01,-1.0,-1.0,0.775,1.1,1.4,3.0,1.2,1.8,0.5,0.1,0.1,-1.0,1.6,5.1,-1.0,-1.0
克劳德-特里,73-74,火箭,60,-1.0,9.8,0.443,1.9,4.3,0.4,0.2,0.6,0.87,1.0,1.2,1.2,0.4,0.8,1.2,0.2,0.1,1.0,1.1,5.0,-1.0,-1.0
鲍伯-维尔加,73-74,开拓者,21,-1.0,10.3,0.452,2.0,4.4,-0.01,-1.0,-1.0,0.625,1.0,1.5,0.9,0.5,0.3,0.8,0.6,0.0,-1.0,1.0,5.0,-1.0,-1.0
Goose Ligon,73-74,大地主,19,-1.0,18.9,0.435,1.9,4.5,0.0,0.0,0.1,0.76,1.0,1.3,5.0,2.4,2.6,0.6,0.5,0.5,1.3,2.3,4.9,-1.0,-1.0
拉鲁-马丁,73-74,开拓者,50,-1.0,10.8,0.435,2.0,4.6,-0.01,-1.0,-1.0,0.636,0.8,1.3,3.6,1.5,2.1,0.4,0.1,0.5,-1.0,1.8,4.9,-1.0,-1.0
罗伊尔-尼尔森,73-74,子弹,49,-1.0,11.3,0.433,1.9,4.4,-0.01,-1.0,-1.0,0.726,1.1,1.5,1.4,0.5,0.9,1.1,0.6,0.0,-1.0,1.3,4.9,-1.0,-1.0
Bob Warren,73-74,-1,59,-1.0,13.5,0.431,1.9,4.3,0.0,0.0,0.1,0.863,1.1,1.2,1.8,0.9,0.9,1.3,0.4,0.2,1.1,1.2,4.8,-1.0,-1.0
弗莱德-福斯特,73-74,骑士,58,-1.0,11.2,0.389,1.9,5.0,-0.01,-1.0,-1.0,0.844,0.9,1.1,1.9,0.7,1.1,1.1,0.3,0.1,-1.0,1.4,4.8,-1.0,-1.0
鲍伯-克里斯蒂安,73-74,太阳,81,-1.0,15.4,0.486,1.7,3.6,-0.01,-1.0,-1.0,0.702,1.3,1.9,4.2,1.0,3.1,1.2,0.2,0.4,-1.0,2.4,4.8,-1.0,-1.0
肯-达雷特,73-74,国王,45,-1.0,10.3,0.489,1.9,3.9,-0.01,-1.0,-1.0,0.609,0.9,1.5,1.7,0.6,1.1,0.4,0.3,0.1,-1.0,1.5,4.8,-1.0,-1.0
迈克·德安东尼,73-74,国王,52,-1.0,19.0,0.402,2.1,5.1,-0.01,-1.0,-1.0,0.702,0.6,0.9,1.8,0.5,1.3,2.4,1.4,0.3,-1.0,2.2,4.8,-1.0,-1.0
达夫-瓦欧,73-74,-1,67,-1.0,15.7,0.437,1.8,4.1,-0.01,-1.0,-1.0,0.735,1.1,1.5,0.7,0.2,0.5,3.5,1.1,0.0,-1.0,2.0,4.7,-1.0,-1.0
Barry Parkhill,73-74,大地主,60,-1.0,14.5,0.371,1.9,5.2,0.188,0.1,0.3,0.82,0.8,1.0,1.1,0.2,0.9,1.6,0.5,0.2,1.3,2.5,4.7,-1.0,-1.0
阿兰·布里斯托,73-74,76人,55,-1.0,11.7,0.4,2.0,4.9,-0.01,-1.0,-1.0,0.737,0.8,1.0,3.0,1.2,1.8,1.7,0.5,0.0,-1.0,1.2,4.7,-1.0,-1.0
Dennis Wuycik,73-74,美洲狮,49,-1.0,10.0,0.463,1.8,3.9,0.5,0.0,0.0,0.662,1.0,1.6,2.2,1.0,1.1,0.6,0.3,0.1,0.8,1.8,4.7,-1.0,-1.0
查克-特里,73-74,-1,68,-1.0,16.5,0.444,2.0,4.5,0.5,0.0,0.0,0.878,0.5,0.6,2.5,1.0,1.5,1.1,0.3,0.1,0.5,2.1,4.5,-1.0,-1.0
卢克-维特,73-74,骑士,57,-1.0,12.8,0.432,1.8,4.3,-0.01,-1.0,-1.0,0.742,0.8,1.1,4.0,1.4,2.6,0.7,0.1,0.4,-1.0,1.6,4.5,-1.0,-1.0
Simmie Hill,73-74,老刺,60,-1.0,14.0,0.459,1.9,4.1,0.0,0.0,0.2,0.726,0.8,1.0,2.9,1.0,1.9,1.0,0.2,0.3,1.1,2.4,4.5,-1.0,-1.0
Julius Keye,73-74,火箭,79,-1.0,32.8,0.447,1.9,4.2,0.2,0.0,0.1,0.679,0.7,1.1,8.7,2.8,5.9,1.7,0.5,1.9,1.1,3.0,4.5,-1.0,-1.0
迈克-巴尔,73-74,大地主,45,-1.0,14.5,0.48,1.8,3.8,0.4,0.0,0.1,0.767,0.7,1.0,1.6,0.5,1.1,1.8,0.6,0.1,1.3,1.8,4.4,-1.0,-1.0
Collis Jones,73-74,上校,58,-1.0,12.4,0.388,1.8,4.5,0.0,0.0,0.1,0.654,0.9,1.3,3.2,1.6,1.6,0.6,0.4,0.2,0.7,1.6,4.4,-1.0,-1.0
达夫-斯托沃茨,73-74,子弹,45,-1.0,10.2,0.401,1.7,4.2,-0.01,-1.0,-1.0,0.855,1.0,1.2,2.8,1.2,1.6,0.6,0.6,0.1,-1.0,1.4,4.4,-1.0,-1.0
John Warren,73-74,骑士,69,-1.0,11.4,0.454,1.9,4.2,-0.01,-1.0,-1.0,0.854,0.5,0.6,1.9,0.6,1.2,0.9,0.4,0.1,-1.0,1.7,4.3,-1.0,-1.0
沃尔特-韦斯利,73-74,子弹,39,-1.0,10.3,0.47,1.8,3.9,-0.01,-1.0,-1.0,0.605,0.7,1.1,3.5,1.6,1.9,0.4,0.2,0.5,-1.0,1.9,4.3,-1.0,-1.0
霍华德-科密维斯,73-74,国王,44,-1.0,18.9,0.406,1.8,4.4,-0.01,-1.0,-1.0,0.868,0.8,0.9,1.0,0.2,0.8,2.2,0.7,0.1,-1.0,1.9,4.3,-1.0,-1.0
德里克-迪基,73-74,勇士,66,-1.0,14.1,0.494,1.7,3.5,-0.01,-1.0,-1.0,0.773,0.8,1.0,5.1,1.9,3.3,0.8,0.3,0.2,-1.0,1.7,4.3,-1.0,-1.0
John Beasley,73-74,星光,43,-1.0,11.2,0.414,1.7,4.2,0.344,0.5,1.5,0.909,0.2,0.3,2.8,1.0,1.7,0.4,0.2,0.2,0.5,1.3,4.2,-1.0,-1.0
乔-里维斯,73-74,-1,19,-1.0,11.1,0.444,1.9,4.3,-0.01,0.0,0.0,0.471,0.4,0.9,2.8,1.0,1.8,0.4,0.1,0.5,0.9,1.5,4.2,-1.0,-1.0
吉姆-戴维斯,73-74,活塞,78,-1.0,12.1,0.413,1.5,3.6,-0.01,-1.0,-1.0,0.647,1.2,1.8,3.8,1.3,2.4,1.1,0.5,0.4,-1.0,2.0,4.2,-1.0,-1.0
Ronald Thomas,73-74,上校,71,-1.0,13.7,0.469,1.8,3.8,0.143,0.0,0.1,0.587,0.5,0.9,4.1,1.6,2.5,0.9,0.7,0.1,1.0,2.2,4.1,-1.0,-1.0
拉玛尔-格林,73-74,太阳,72,-1.0,15.3,0.407,1.8,4.4,-0.01,-1.0,-1.0,0.559,0.5,0.9,4.9,1.2,3.7,0.6,0.4,0.5,-1.0,2.1,4.1,-1.0,-1.0
Manny Leaks,73-74,子弹,53,-1.0,15.9,0.341,1.5,4.4,-0.01,-1.0,-1.0,0.699,1.1,1.6,4.6,1.8,2.8,0.5,0.2,0.7,-1.0,1.8,4.1,-1.0,-1.0
Skeeter Swift,73-74,老刺,16,-1.0,9.6,0.343,1.4,4.2,0.083,0.1,0.8,0.8,1.0,1.3,1.0,0.3,0.7,0.9,0.2,0.0,0.8,1.6,3.9,-1.0,-1.0
菲尔-汉金森,73-74,凯尔特,28,-1.0,5.8,0.485,1.8,3.7,-0.01,-1.0,-1.0,0.769,0.4,0.5,1.8,0.8,1.0,0.1,0.1,0.0,-1.0,0.6,3.9,-1.0,-1.0
肯-查尔斯,73-74,勇敢者,59,-1.0,11.7,0.476,1.5,3.1,-0.01,-1.0,-1.0,0.671,0.9,1.3,1.1,0.4,0.7,0.9,0.5,0.2,-1.0,1.5,3.9,-1.0,-1.0
罗恩-莱利,73-74,-1,48,-1.0,12.3,0.401,1.7,4.2,-0.01,-1.0,-1.0,0.632,0.5,0.8,3.7,1.0,2.7,0.8,0.4,0.5,-1.0,2.0,3.9,-1.0,-1.0
罗兰德-加勒特,73-74,公牛,41,-1.0,9.1,0.37,1.7,4.5,-0.01,-1.0,-1.0,0.656,0.5,0.8,1.7,0.8,1.0,0.3,0.1,0.2,-1.0,1.0,3.8,-1.0,-1.0
克米特-华盛顿,73-74,湖人,45,-1.0,8.9,0.483,1.6,3.4,-0.01,-1.0,-1.0,0.531,0.6,1.1,3.3,1.4,1.9,0.4,0.5,0.4,-1.0,1.7,3.8,-1.0,-1.0
Mahdi Abdul-Rahman,73-74,超音速,49,-1.0,11.7,0.422,1.6,3.7,-0.01,-1.0,-1.0,0.756,0.7,0.9,1.2,0.4,0.8,2.5,0.5,0.1,-1.0,1.6,3.8,-1.0,-1.0
格雷格-史密斯,73-74,开拓者,67,-1.0,13.1,0.434,1.5,3.4,-0.01,-1.0,-1.0,0.608,0.7,1.2,2.8,1.0,1.9,1.2,0.6,0.1,-1.0,1.9,3.7,-1.0,-1.0
罗杰-布朗,73-74,-1,63,-1.0,15.7,0.377,1.6,4.1,-0.01,0.0,0.0,0.607,0.5,0.9,5.6,2.3,3.3,0.7,0.4,1.0,1.3,2.0,3.7,-1.0,-1.0
约翰-维特泽尔,73-74,老鹰,70,-1.0,17.6,0.425,1.5,3.6,-0.01,-1.0,-1.0,0.719,0.6,0.8,2.4,0.6,1.9,2.0,1.0,0.3,-1.0,2.1,3.6,-1.0,-1.0
加里-格雷戈尔,73-74,老篮网,25,-1.0,12.5,0.471,1.6,3.4,0.667,0.1,0.1,0.818,0.4,0.4,2.8,0.9,2.0,0.6,0.2,0.0,0.4,1.9,3.6,-1.0,-1.0
凯文-库内特,73-74,-1,64,-1.0,11.0,0.488,1.6,3.4,-0.01,-1.0,-1.0,0.636,0.3,0.5,3.4,1.3,2.1,0.7,0.2,0.8,-1.0,2.4,3.6,-1.0,-1.0
奥图-摩尔,73-74,-1,78,-1.0,12.1,0.5,1.5,3.1,-0.01,-1.0,-1.0,0.629,0.5,0.8,3.6,1.0,2.6,0.8,0.3,0.6,-1.0,1.3,3.6,-1.0,-1.0
Jim O'Brien,73-74,老篮网,11,-1.0,4.9,0.405,1.4,3.4,0.0,0.0,0.4,0.6,0.8,1.4,1.5,1.2,0.4,0.5,0.3,0.3,0.7,0.5,3.5,-1.0,-1.0
哈索恩-温格,73-74,尼克斯,60,-1.0,8.9,0.477,1.4,2.9,-0.01,-1.0,-1.0,0.632,0.8,1.3,2.8,1.2,1.6,0.4,0.1,0.2,-1.0,1.4,3.5,-1.0,-1.0
汤姆-波尔温克勒,73-74,公牛,46,-1.0,13.1,0.487,1.3,2.6,-0.01,-1.0,-1.0,0.7,0.9,1.3,4.6,1.2,3.5,2.0,0.3,0.4,-1.0,1.7,3.4,-1.0,-1.0
里克-阿德尔曼,73-74,公牛,55,-1.0,11.2,0.376,1.2,3.1,-0.01,-1.0,-1.0,0.711,1.0,1.4,1.3,0.3,1.0,1.0,0.7,0.0,-1.0,1.1,3.3,-1.0,-1.0
迈尔-康特斯,73-74,湖人,45,-1.0,11.1,0.365,1.4,3.7,-0.01,-1.0,-1.0,0.727,0.5,0.7,3.2,1.2,2.0,1.2,0.4,0.5,-1.0,1.9,3.2,-1.0,-1.0
特里-德里斯科尔,73-74,雄鹿,64,-1.0,10.9,0.471,1.4,2.9,-0.01,-1.0,-1.0,0.652,0.5,0.7,3.1,1.1,2.0,0.8,0.3,0.3,-1.0,1.9,3.2,-1.0,-1.0
内特-霍恩,73-74,湖人,33,-1.0,6.9,0.409,1.2,2.8,-0.01,-1.0,-1.0,0.625,0.9,1.5,1.0,0.5,0.5,0.7,0.3,0.2,-1.0,1.0,3.2,-1.0,-1.0
吉姆-欧文斯,73-74,太阳,17,-1.0,5.9,0.538,1.2,2.3,-0.01,-1.0,-1.0,0.786,0.6,0.8,0.5,0.1,0.5,0.9,0.3,0.0,-1.0,0.4,3.1,-1.0,-1.0
米尔特-威廉姆斯,73-74,超音速,53,-1.0,9.5,0.416,1.2,2.8,-0.01,-1.0,-1.0,0.651,0.8,1.2,0.9,0.4,0.5,1.9,0.5,0.0,-1.0,1.5,3.1,-1.0,-1.0
鲍伯-纳什,73-74,活塞,35,-1.0,8.0,0.357,1.2,3.3,-0.01,-1.0,-1.0,0.615,0.7,1.1,2.1,0.9,1.2,0.4,0.1,0.3,-1.0,1.0,3.0,-1.0,-1.0
罗德-弗里曼,73-74,76人,35,-1.0,7.6,0.379,1.1,2.9,-0.01,-1.0,-1.0,0.683,0.8,1.2,1.5,0.6,0.9,0.4,0.3,0.0,-1.0,1.2,3.0,-1.0,-1.0
李-温菲尔德,73-74,勇敢者,36,-1.0,12.0,0.352,1.0,2.9,-0.01,-1.0,-1.0,0.635,0.9,1.4,1.2,0.5,0.7,1.3,0.4,0.1,-1.0,1.2,3.0,-1.0,-1.0
汤姆-考兹尔克,73-74,子弹,49,-1.0,11.7,0.444,1.2,2.7,-0.01,-1.0,-1.0,0.719,0.5,0.7,2.5,1.1,1.5,0.5,0.4,0.1,-1.0,1.7,2.9,-1.0,-1.0
达勒-施鲁埃特,73-74,老鹰,57,-1.0,9.6,0.467,1.1,2.4,-0.01,-1.0,-1.0,0.76,0.7,0.9,2.7,0.9,1.8,0.8,0.4,0.4,-1.0,1.5,2.9,-1.0,-1.0
乔-艾利斯,73-74,勇士,50,-1.0,10.3,0.321,1.2,3.8,-0.01,-1.0,-1.0,0.581,0.4,0.6,2.4,0.7,1.7,0.7,0.7,0.2,-1.0,1.5,2.8,-1.0,-1.0
鲍伯-阿尼岑,73-74,老者,20,-1.0,7.5,0.5,1.2,2.4,1.0,0.1,0.1,0.778,0.4,0.5,1.0,0.5,0.5,0.2,0.2,0.1,0.4,0.6,2.8,-1.0,-1.0
德尼斯-沃特雷,73-74,公牛,68,-1.0,11.1,0.528,1.0,1.8,-0.01,-1.0,-1.0,0.574,0.8,1.4,2.6,0.7,1.8,1.3,0.3,0.2,-1.0,1.9,2.7,-1.0,-1.0
汤姆-英格尔斯比,73-74,老鹰,48,-1.0,8.3,0.382,1.0,2.7,-0.01,-1.0,-1.0,0.784,0.6,0.8,0.9,0.2,0.7,0.8,0.4,0.1,-1.0,0.9,2.7,-1.0,-1.0
史蒂夫-唐宁,73-74,凯尔特,24,-1.0,5.7,0.328,0.9,2.7,-0.01,-1.0,-1.0,0.579,0.9,1.6,1.6,0.6,1.0,0.5,0.2,0.0,-1.0,1.4,2.7,-1.0,-1.0
迈尔-戴维斯,73-74,尼克斯,30,-1.0,5.6,0.347,1.1,3.2,-0.01,-1.0,-1.0,0.75,0.4,0.5,1.8,0.6,1.2,0.3,0.1,0.1,-1.0,1.2,2.6,-1.0,-1.0
Art Williams,73-74,凯尔特,67,-1.0,9.2,0.435,1.1,2.5,-0.01,-1.0,-1.0,0.844,0.4,0.5,1.7,0.3,1.4,2.4,0.7,0.0,-1.0,1.5,2.6,-1.0,-1.0
Dick Garrett,73-74,-1,40,-1.0,8.2,0.341,1.1,3.2,-0.01,-1.0,-1.0,0.789,0.4,0.5,1.0,0.4,0.6,0.6,0.3,0.0,-1.0,1.4,2.5,-1.0,-1.0
汉克-芬克尔,73-74,凯尔特,60,-1.0,7.1,0.462,1.0,2.2,-0.01,-1.0,-1.0,0.651,0.5,0.7,2.3,0.7,1.6,0.5,0.1,0.1,-1.0,1.0,2.5,-1.0,-1.0
Jerry Pender,73-74,征服者,11,-1.0,6.2,0.267,0.7,2.7,0.333,0.1,0.3,0.769,0.9,1.2,0.5,0.3,0.2,0.4,0.5,0.0,0.8,1.0,2.5,-1.0,-1.0
Russ Lee,73-74,雄鹿,36,-1.0,4.6,0.404,1.1,2.6,-0.01,-1.0,-1.0,0.688,0.3,0.4,1.1,0.4,0.7,0.6,0.3,0.0,-1.0,0.8,2.4,-1.0,-1.0
汤姆-里克尔,73-74,尼克斯,17,-1.0,3.4,0.448,0.8,1.7,-0.01,-1.0,-1.0,0.706,0.7,1.0,0.9,0.5,0.4,0.2,0.0,0.0,-1.0,0.4,2.2,-1.0,-1.0
George Johnson__,73-74,火箭,26,-1.0,9.2,0.451,0.9,2.0,-0.01,-1.0,-1.0,0.471,0.3,0.7,2.3,0.8,1.6,0.3,0.3,0.3,-1.0,1.8,2.1,-1.0,-1.0
约翰-楚格尔,73-74,老鹰,64,-1.0,7.8,0.355,0.9,2.6,-0.01,-1.0,-1.0,0.588,0.2,0.3,1.2,0.5,0.7,0.5,0.3,0.3,-1.0,1.1,2.0,-1.0,-1.0
本-凯尔索,73-74,活塞,46,-1.0,6.5,0.365,0.8,2.1,-0.01,-1.0,-1.0,0.682,0.3,0.5,0.7,0.3,0.3,0.4,0.3,0.0,-1.0,1.0,1.8,-1.0,-1.0
斯坦-麦肯茨,73-74,火箭,11,-1.0,10.2,0.292,0.6,2.2,-0.01,-1.0,-1.0,0.75,0.5,0.7,1.5,0.3,1.2,0.5,0.3,0.0,-1.0,1.5,1.8,-1.0,-1.0
里奇-里纳尔迪,73-74,-1,12,-1.0,6.3,0.194,0.6,3.0,0.0,0.0,0.1,0.875,0.6,0.7,1.0,0.6,0.4,0.9,0.4,0.1,0.1,0.8,1.8,-1.0,-1.0
马克-希布利,73-74,开拓者,28,-1.0,4.4,0.357,0.7,2.0,-0.01,-1.0,-1.0,0.857,0.2,0.3,0.9,0.3,0.6,0.5,0.1,0.0,-1.0,0.8,1.6,-1.0,-1.0
迈克-麦卡鲁索,73-74,勇敢者,30,-1.0,3.7,0.432,0.6,1.5,-0.01,-1.0,-1.0,0.588,0.3,0.6,0.8,0.3,0.5,0.1,0.2,0.0,-1.0,1.0,1.6,-1.0,-1.0
保罗-鲁夫那,73-74,勇敢者,20,-1.0,2.6,0.407,0.6,1.4,-0.01,-1.0,-1.0,0.615,0.4,0.7,0.6,0.2,0.4,0.0,0.1,0.1,-1.0,0.5,1.5,-1.0,-1.0
Bill Newton,73-74,老者,11,-1.0,6.6,0.467,0.6,1.4,-0.01,0.0,0.0,0.5,0.1,0.2,1.6,0.1,1.5,0.5,0.2,0.0,0.6,1.1,1.4,-1.0,-1.0
沃斯特-马绍尔,73-74,超音速,13,-1.0,13.4,0.241,0.5,2.2,-0.01,-1.0,-1.0,0.429,0.2,0.5,2.8,1.1,1.8,0.3,0.3,0.2,-1.0,1.5,1.3,-1.0,-1.0
