球员,赛季,球队,出场,首发,时间,投篮,命中,出手,三分,三分命中,三分出手,罚球,罚球命中,罚球出手,篮板,前场,后场,助攻,抢断,盖帽,失误,犯规,得分,胜,负
阿伦-艾弗森,98-99,76人,48,48,41.5,0.412,9.1,22.0,0.291,1.2,4.1,0.751,7.4,9.9,4.9,1.4,3.5,4.6,2.3,0.1,3.5,2.0,26.8,28,20
沙奎尔-奥尼尔,98-99,湖人,49,49,34.8,0.576,10.4,18.1,0.0,0.0,0.0,0.54,5.5,10.2,10.7,3.8,6.9,2.3,0.7,1.7,2.5,3.2,26.3,31,18
卡尔-马龙,98-99,爵士,49,49,37.4,0.493,8.0,16.3,0.0,0.0,0.0,0.788,7.7,9.8,9.4,2.2,7.3,4.1,1.3,0.6,3.3,2.7,23.8,36,13
谢里夫-阿布杜-拉希姆,98-99,灰熊,50,50,40.4,0.432,7.7,17.9,0.306,0.2,0.7,0.841,7.4,8.8,7.5,2.3,5.2,3.4,1.4,1.1,3.7,2.7,23.0,8,42
基斯-范霍恩,98-99,篮网,42,42,37.5,0.428,7.7,17.9,0.302,0.4,1.3,0.859,6.1,7.1,8.5,2.7,5.8,1.5,1.0,1.3,3.2,3.2,21.8,14,28
加里-佩顿,98-99,超音速,50,50,40.2,0.434,8.0,18.5,0.295,1.7,5.6,0.721,4.0,5.5,4.9,1.2,3.6,8.7,2.2,0.2,3.1,2.3,21.7,25,25
蒂姆-邓肯,98-99,马刺,50,50,39.3,0.495,8.4,16.9,0.143,0.0,0.1,0.69,4.9,7.2,11.4,3.2,8.2,2.4,0.9,2.5,2.9,2.9,21.7,37,13
斯蒂芬-马布里,98-99,-1,49,49,38.7,0.428,7.7,18.0,0.335,1.3,4.0,0.799,4.5,5.7,2.9,0.8,2.1,8.9,1.2,0.2,3.3,2.6,21.3,25,24
安东尼奥-麦克戴斯,98-99,掘金,50,50,38.7,0.471,8.3,17.6,0.111,0.0,0.2,0.68,4.6,6.8,10.7,3.4,7.4,1.6,1.5,2.3,2.8,3.5,21.2,14,36
格兰特-希尔,98-99,活塞,50,50,37.0,0.479,7.7,16.0,0.0,0.0,0.3,0.752,5.7,7.6,7.1,1.3,5.8,6.0,1.6,0.5,3.7,2.3,21.1,29,21
凯文-加内特,98-99,森林狼,47,47,37.9,0.46,8.8,19.1,0.286,0.1,0.3,0.704,3.1,4.4,10.4,3.5,6.9,4.3,1.7,1.8,2.9,3.2,20.8,24,23
肖恩-坎普,98-99,骑士,42,42,35.1,0.482,6.6,13.7,0.5,0.0,0.0,0.789,7.3,9.3,9.2,3.1,6.1,2.4,1.1,1.1,3.0,3.8,20.5,21,21
迈克尔-芬利,98-99,独行侠,50,50,41.0,0.444,7.8,17.5,0.331,0.9,2.7,0.823,3.7,4.5,5.3,1.4,3.9,4.4,1.3,0.3,2.1,1.9,20.2,19,31
阿朗佐-莫宁,98-99,热火,46,46,38.1,0.511,7.0,13.8,0.0,0.0,0.0,0.652,6.0,9.2,11.0,3.6,7.4,1.6,0.7,3.9,3.0,3.5,20.1,32,14
克里斯-韦伯,98-99,国王,42,42,40.9,0.486,9.0,18.5,0.118,0.1,0.8,0.454,1.9,4.1,13.0,3.5,9.4,4.1,1.4,2.1,3.5,3.5,20.0,22,20
科比-布莱恩特,98-99,湖人,50,50,37.9,0.465,7.2,15.6,0.267,0.5,2.0,0.839,4.9,5.8,5.3,1.1,4.2,3.8,1.4,1.0,3.1,3.1,19.9,31,19
米奇-里奇蒙德,98-99,奇才,50,50,38.2,0.412,6.6,16.1,0.317,1.4,4.4,0.857,5.0,5.9,3.4,0.6,2.8,2.4,1.3,0.2,2.7,2.4,19.7,18,32
朱万-霍华德,98-99,奇才,36,36,39.7,0.474,7.9,16.8,0.0,0.0,0.1,0.753,3.1,4.1,8.1,2.5,5.6,3.0,1.2,0.4,2.6,3.6,18.9,14,22
哈基姆-奥拉朱旺,98-99,火箭,50,50,35.7,0.514,7.5,14.5,0.308,0.1,0.3,0.717,3.9,5.4,9.6,2.1,7.4,1.8,1.6,2.5,2.8,3.2,18.9,31,19
托尼-库克奇,98-99,公牛,44,44,37.6,0.42,7.2,17.0,0.285,0.9,3.1,0.74,3.6,4.9,7.0,1.5,5.6,5.3,1.1,0.3,2.8,1.9,18.8,13,31
史蒂夫-史密斯,98-99,老鹰,36,36,36.5,0.402,6.0,15.0,0.338,1.3,3.9,0.849,5.3,6.3,4.2,1.4,2.8,3.3,1.0,0.3,2.8,2.8,18.7,25,11
安托万-沃克,98-99,凯尔特,42,41,36.9,0.412,7.2,17.5,0.369,1.5,4.2,0.559,2.7,4.8,8.5,2.5,6.0,3.1,1.5,0.7,2.8,3.4,18.7,16,26
格伦-罗宾逊,98-99,雄鹿,47,47,33.6,0.459,7.4,16.1,0.392,0.7,1.7,0.87,3.0,3.4,5.9,1.6,4.3,2.1,1.0,0.9,2.3,2.4,18.4,26,21
雷吉-米勒,98-99,步行者,50,50,35.7,0.438,5.9,13.4,0.385,2.1,5.5,0.915,4.5,4.9,2.7,0.5,2.2,2.2,0.7,0.2,1.5,2.0,18.4,33,17
文斯-卡特,98-99,猛龙,50,49,35.2,0.45,6.9,15.3,0.288,0.4,1.3,0.761,4.1,5.4,5.7,1.9,3.8,3.0,1.1,1.5,2.2,2.8,18.3,23,27
格伦-莱斯,98-99,湖人,27,25,36.5,0.432,6.3,14.7,0.393,2.0,5.0,0.856,2.9,3.3,3.7,0.3,3.3,2.6,0.6,0.2,1.7,2.5,17.5,16,11
蒂姆-哈达威,98-99,热火,48,48,36.9,0.4,6.3,15.7,0.36,2.3,6.5,0.812,2.5,3.1,3.2,0.3,2.9,7.3,1.2,0.1,2.7,2.1,17.4,32,16
帕特里克-尤因,98-99,尼克斯,38,38,34.2,0.435,6.5,14.9,0.0,0.0,0.1,0.706,4.3,6.1,9.9,1.9,8.0,1.1,0.8,2.6,2.6,2.8,17.3,20,18
雷-阿伦,98-99,雄鹿,50,50,34.4,0.45,6.1,13.5,0.356,1.5,4.2,0.903,3.5,3.9,4.2,1.1,3.1,3.6,1.1,0.1,2.4,2.3,17.1,28,22
罗恩-默塞尔,98-99,凯尔特,41,40,37.8,0.431,7.4,17.2,0.167,0.1,0.7,0.79,2.0,2.6,3.8,0.9,2.9,2.5,1.6,0.3,2.2,2.0,17.0,14,27
汤姆-古格里奥塔,98-99,太阳,43,43,36.3,0.483,6.4,13.3,0.286,0.0,0.2,0.794,4.0,5.1,8.9,3.0,5.8,2.8,1.4,0.5,2.0,2.6,17.0,23,20
杰森-基德,98-99,太阳,50,50,41.2,0.444,6.2,14.0,0.366,0.9,2.5,0.757,3.6,4.8,6.8,1.7,5.0,10.8,2.3,0.4,3.0,2.2,16.9,27,23
莫里斯-泰勒,98-99,快船,46,45,32.7,0.461,6.8,14.7,0.167,0.0,0.1,0.728,3.3,4.5,5.3,2.2,3.1,1.5,0.3,0.6,2.6,3.9,16.8,9,37
尼克-范埃克塞尔,98-99,掘金,50,50,36.0,0.398,6.1,15.4,0.308,1.4,4.7,0.811,2.8,3.5,2.3,0.3,2.0,7.4,0.8,0.1,2.4,1.8,16.5,14,36
保罗-皮尔斯,98-99,凯尔特,48,47,34.0,0.439,5.9,13.5,0.412,1.8,4.3,0.713,2.9,4.1,6.4,2.4,4.0,2.4,1.7,1.0,2.4,2.9,16.5,19,29
克里弗德-罗宾逊,98-99,太阳,50,35,34.8,0.475,6.0,12.6,0.417,1.2,2.8,0.697,3.3,4.7,4.5,1.4,3.2,2.6,1.5,1.2,1.8,3.1,16.4,27,23
拉特里尔-斯普雷威尔,98-99,尼克斯,37,4,33.3,0.415,5.8,14.0,0.273,0.6,2.1,0.812,4.2,5.2,4.2,1.1,3.1,2.5,1.2,0.1,2.1,1.8,16.4,18,19
阿兰-休斯顿,98-99,尼克斯,50,50,36.3,0.418,5.9,14.1,0.407,1.1,2.8,0.862,3.4,3.9,3.0,0.4,2.6,2.7,0.7,0.2,2.6,2.3,16.3,27,23
查尔斯-巴克利,98-99,火箭,42,40,36.3,0.478,5.7,12.0,0.16,0.1,0.6,0.719,4.6,6.4,12.3,4.0,8.3,4.6,1.0,0.3,2.4,2.1,16.1,27,15
加里-特伦特,98-99,独行侠,45,23,30.3,0.477,6.4,13.4,0.0,0.0,0.1,0.617,3.2,5.2,7.8,2.8,5.0,1.7,0.6,0.5,1.5,2.7,16.0,18,27
安芬尼-哈达威,98-99,魔术,50,50,38.9,0.42,6.0,14.3,0.286,0.8,2.8,0.706,3.0,4.2,5.7,1.5,4.2,5.3,2.2,0.5,3.0,2.2,15.8,33,17
大卫-罗宾逊,98-99,马刺,49,49,31.7,0.509,5.5,10.8,0.0,0.0,0.0,0.658,4.9,7.4,10.0,3.0,7.0,2.1,1.4,2.4,2.2,2.9,15.8,36,13
罗德-斯特里克兰,98-99,奇才,44,43,37.1,0.416,5.7,13.7,0.286,0.3,1.0,0.746,4.0,5.4,4.8,1.3,3.5,9.9,1.7,0.1,3.2,2.1,15.7,16,28
埃迪-琼斯,98-99,-1,50,50,37.6,0.437,5.2,11.9,0.338,1.0,2.8,0.782,4.2,5.4,3.9,1.0,2.9,3.7,2.5,1.2,1.9,2.6,15.6,33,17
道格-克里斯蒂,98-99,猛龙,50,50,35.4,0.388,5.0,13.0,0.304,1.0,3.2,0.841,4.1,4.9,4.1,1.2,3.0,3.7,2.3,0.5,2.4,2.2,15.2,23,27
德特雷夫-施拉姆夫,98-99,超音速,50,39,35.3,0.472,5.2,11.0,0.395,0.7,1.7,0.823,4.0,4.9,7.4,1.5,5.9,3.7,0.8,0.5,2.1,3.0,15.0,25,25
尼克-安德森,98-99,魔术,47,39,33.6,0.395,5.4,13.6,0.347,2.0,5.9,0.611,2.1,3.4,5.9,1.1,4.8,1.9,1.4,0.3,1.8,1.5,14.9,30,17
里克-施密茨,98-99,步行者,49,49,25.9,0.49,6.3,12.9,0.0,0.0,0.0,0.818,2.2,2.7,5.6,1.5,4.1,1.1,0.4,1.1,1.5,3.2,14.9,33,16
贾马尔-马什本,98-99,热火,24,23,35.6,0.451,5.6,12.4,0.433,0.5,1.3,0.721,3.1,4.3,6.1,1.0,5.1,3.1,0.8,0.1,2.5,2.4,14.8,15,9
斯科蒂-皮蓬,98-99,火箭,50,50,40.2,0.432,5.2,12.1,0.34,1.4,4.2,0.721,2.6,3.7,6.5,1.3,5.2,5.9,2.0,0.7,3.2,2.4,14.5,31,19
杰里-斯塔克豪斯,98-99,活塞,42,9,28.3,0.371,4.3,11.6,0.278,0.8,3.0,0.85,5.0,5.9,2.5,0.6,1.9,2.8,0.8,0.5,2.9,1.9,14.5,24,18
维拉蒂-迪瓦茨,98-99,国王,50,50,35.2,0.47,5.2,11.1,0.256,0.2,0.9,0.702,3.6,5.1,10.0,2.8,7.2,4.3,0.9,1.0,2.6,3.3,14.3,27,23
鲍比-菲尔斯,98-99,黄蜂,43,43,36.6,0.433,5.0,11.6,0.395,1.6,4.0,0.685,2.7,3.9,4.0,0.9,3.1,3.5,1.4,0.6,2.1,2.9,14.3,24,19
大卫-韦斯利,98-99,黄蜂,50,50,37.0,0.446,4.9,10.9,0.359,1.2,3.4,0.832,3.2,3.8,3.2,0.5,2.8,6.4,2.0,0.2,2.8,2.6,14.1,26,24
特里尔-布兰登,98-99,-1,36,34,33.8,0.418,5.9,14.1,0.255,0.3,1.3,0.833,1.8,2.2,3.7,0.8,3.0,8.6,1.8,0.3,2.1,2.3,13.9,20,16
昌西-比卢普斯,98-99,掘金,45,41,33.1,0.386,4.2,11.0,0.362,1.9,5.2,0.913,3.5,3.8,2.1,0.5,1.6,3.8,1.3,0.3,2.2,2.6,13.9,14,31
伊塞亚-莱德尔,98-99,开拓者,47,41,29.5,0.412,5.3,12.9,0.378,0.9,2.4,0.755,2.4,3.1,4.2,1.3,2.9,2.2,0.5,0.2,2.0,2.1,13.9,32,15
里夫-拉弗伦茨,98-99,掘金,12,12,32.3,0.457,4.9,10.8,0.387,1.0,2.6,0.75,3.0,4.0,7.6,2.8,4.8,0.7,0.8,1.4,0.8,3.2,13.8,3,9
约翰-斯塔克斯,98-99,勇士,50,50,33.7,0.37,5.4,14.6,0.29,1.6,5.4,0.74,1.5,2.0,3.3,0.7,2.6,4.7,1.4,0.1,1.7,2.7,13.8,21,29
达雷尔-阿姆斯特朗,98-99,魔术,50,15,30.0,0.441,4.6,10.4,0.365,1.4,3.8,0.904,3.2,3.6,3.6,1.1,2.5,6.7,2.2,0.1,3.2,1.8,13.8,33,17
文-贝克,98-99,超音速,34,31,34.2,0.453,5.8,12.9,0.0,0.0,0.1,0.45,2.1,4.7,6.2,2.5,3.7,1.6,0.9,1.0,2.2,3.6,13.8,18,16
乔-史密斯,98-99,森林狼,43,42,33.0,0.427,5.2,12.1,0.0,0.0,0.1,0.755,3.3,4.4,8.2,3.6,4.7,1.6,0.7,1.5,1.5,3.4,13.7,20,23
马特-盖革,98-99,76人,50,40,30.8,0.479,5.3,11.1,0.2,0.0,0.1,0.797,2.8,3.5,7.2,2.7,4.5,1.2,0.8,0.8,2.0,3.1,13.5,28,22
穆奇-布雷洛克,98-99,老鹰,48,48,36.7,0.379,5.1,13.6,0.307,1.6,5.2,0.758,1.4,1.9,4.7,0.9,3.7,5.8,2.1,0.2,2.4,1.3,13.3,30,18
迈克-毕比,98-99,灰熊,50,50,35.2,0.43,5.2,12.1,0.203,0.3,1.5,0.751,2.5,3.4,2.7,0.6,2.1,6.5,1.6,0.1,2.9,2.4,13.2,8,42
科利斯-威廉姆斯,98-99,国王,50,50,27.5,0.485,5.4,11.1,0.2,0.0,0.1,0.638,2.4,3.8,4.1,1.7,2.4,1.3,0.6,0.2,1.5,2.4,13.2,27,23
德里克-科尔曼,98-99,黄蜂,37,29,31.8,0.414,4.5,11.0,0.212,0.2,0.9,0.753,3.9,5.1,8.9,2.1,6.8,2.1,0.6,1.1,2.4,2.6,13.1,15,22
科瑞-基德尔斯,98-99,篮网,46,40,34.1,0.37,4.9,13.3,0.316,1.1,3.4,0.772,1.9,2.5,4.2,1.1,3.0,2.5,1.7,0.6,1.4,1.8,12.9,14,32
杰森-威廉姆斯,98-99,国王,50,50,36.1,0.374,4.6,12.3,0.31,2.0,6.5,0.752,1.6,2.1,3.1,0.3,2.8,6.0,1.9,0.0,2.9,1.8,12.8,27,23
拉希德-华莱士,98-99,开拓者,49,18,28.9,0.508,4.9,9.7,0.419,0.3,0.6,0.732,2.7,3.7,4.9,1.2,3.8,1.2,1.0,1.1,1.6,3.6,12.8,34,15
达蒙-斯塔德迈尔,98-99,开拓者,50,50,33.5,0.396,5.0,12.6,0.31,0.9,2.8,0.73,1.8,2.4,3.3,0.8,2.5,6.2,1.0,0.1,2.2,1.6,12.6,35,15
埃尔登-坎贝尔,98-99,-1,49,33,29.8,0.477,4.5,9.5,0.0,0.0,0.0,0.639,3.5,5.5,8.1,2.6,5.5,1.4,0.8,1.5,1.6,3.2,12.6,31,18
塞德里克-塞巴洛斯,98-99,独行侠,13,5,27.1,0.421,4.5,10.8,0.393,0.8,2.2,0.694,2.6,3.8,6.5,1.8,4.8,0.9,0.5,0.4,2.2,1.8,12.5,4,9
阿兰-亨德森,98-99,老鹰,38,37,30.1,0.442,4.9,11.1,0.0,0.0,0.0,0.671,2.6,3.9,6.6,2.6,3.9,0.7,0.9,0.5,1.5,2.5,12.5,22,16
布莱恩-拉塞尔,98-99,爵士,50,50,35.4,0.464,4.3,9.4,0.354,1.0,2.9,0.795,2.7,3.4,5.3,1.3,4.0,1.5,1.5,0.3,1.5,3.1,12.4,37,13
拉蒙德-穆雷,98-99,快船,50,13,26.3,0.391,4.5,11.6,0.33,0.7,2.1,0.803,2.5,3.1,3.9,1.2,2.7,1.2,1.2,0.4,2.0,2.1,12.2,9,41
杰夫-霍纳塞克,98-99,爵士,48,48,29.9,0.477,4.5,9.4,0.42,0.7,1.7,0.893,2.6,2.9,3.3,0.7,2.6,4.0,1.1,0.3,1.7,2.0,12.2,36,12
阿维达斯-萨博尼斯,98-99,开拓者,50,48,27.0,0.485,4.6,9.6,0.292,0.1,0.5,0.771,2.7,3.5,7.9,1.8,6.1,2.4,0.7,1.3,1.7,2.9,12.1,35,15
肯尼-安德森,98-99,凯尔特,34,33,29.7,0.451,4.7,10.5,0.25,0.2,0.7,0.832,2.5,3.0,3.0,0.7,2.3,5.7,1.0,0.1,2.1,2.3,12.1,12,22
雷克斯-查普曼,98-99,太阳,38,35,31.1,0.359,4.3,12.1,0.351,1.4,4.0,0.835,2.0,2.4,2.7,0.3,2.4,2.9,0.9,0.2,1.4,1.2,12.1,21,17
凯文-威利斯,98-99,猛龙,42,38,29.0,0.418,4.5,10.6,0.0,0.0,0.0,0.839,3.1,3.7,8.3,2.6,5.7,1.6,0.7,0.7,2.0,3.2,12.0,18,24
拉里-约翰逊,98-99,尼克斯,49,48,33.4,0.459,4.3,9.3,0.359,0.7,1.9,0.817,2.7,3.3,5.8,1.9,3.9,2.4,0.7,0.2,1.8,3.0,12.0,26,23
林奇-亨特,98-99,活塞,49,49,35.8,0.435,4.7,10.7,0.386,1.2,3.1,0.753,1.4,1.8,3.4,0.5,2.9,3.9,1.8,0.2,1.9,2.6,11.9,29,20
肯达尔-吉尔,98-99,篮网,50,47,32.1,0.398,4.7,11.9,0.118,0.0,0.3,0.683,2.3,3.3,4.9,1.2,3.7,2.5,2.7,0.5,1.4,3.2,11.8,16,34
布莱恩-格兰特,98-99,开拓者,48,46,31.8,0.479,3.8,8.0,-0.01,0.0,0.0,0.814,3.8,4.7,9.8,3.6,6.2,1.4,0.4,0.7,2.0,2.8,11.5,34,14
P.J.-布朗,98-99,热火,50,50,32.2,0.48,4.6,9.5,-0.01,0.0,0.0,0.774,2.3,2.9,6.9,2.3,4.6,1.3,0.9,1.0,1.4,3.3,11.4,33,17
奥蒂斯-索普,98-99,奇才,49,38,31.4,0.545,4.9,9.0,0.0,0.0,0.0,0.698,1.5,2.2,6.8,2.0,4.9,2.1,0.9,0.4,1.8,4.0,11.3,17,32
乔-杜马斯,98-99,活塞,38,38,29.4,0.411,3.8,9.2,0.403,2.3,5.8,0.836,1.3,1.6,1.8,0.3,1.5,3.5,0.6,0.1,1.4,1.3,11.3,23,15
肖恩-埃利奥特,98-99,马刺,50,50,30.2,0.41,4.2,10.1,0.328,0.8,2.4,0.757,2.1,2.8,4.3,0.7,3.6,2.3,0.5,0.3,1.4,2.1,11.2,37,13
萨姆-米切尔,98-99,森林狼,50,20,26.9,0.408,4.3,10.4,0.237,0.2,0.8,0.764,2.5,3.3,3.6,1.1,2.5,2.0,0.7,0.3,0.7,2.2,11.2,25,25
迪-布朗,98-99,猛龙,49,0,28.1,0.378,3.8,10.1,0.387,2.8,7.1,0.727,0.8,1.1,2.1,0.3,1.8,2.9,1.1,0.2,1.6,1.5,11.2,23,26
罗恩-哈珀,98-99,公牛,35,35,31.6,0.377,4.2,11.1,0.318,0.8,2.4,0.703,2.0,2.9,5.1,1.4,3.7,3.3,1.7,1.0,1.9,2.3,11.2,9,26
西奥-拉特里夫,98-99,76人,50,50,32.5,0.47,3.9,8.4,-0.01,0.0,0.0,0.725,3.3,4.6,8.1,2.8,5.4,0.6,0.9,3.0,1.8,3.6,11.2,28,22
托尼-马森博格,98-99,灰熊,43,35,26.6,0.487,4.4,9.0,0.0,0.0,0.0,0.665,2.4,3.6,6.0,1.9,4.0,0.5,0.6,0.9,1.5,2.5,11.2,7,36
维斯里-珀森,98-99,骑士,45,42,29.8,0.453,4.4,9.7,0.375,1.7,4.4,0.604,0.7,1.2,3.2,0.4,2.7,1.8,0.8,0.4,0.9,1.2,11.2,22,23
布伦特-巴里,98-99,公牛,37,30,31.9,0.396,3.8,9.6,0.302,1.4,4.6,0.772,2.1,2.7,3.9,1.1,2.8,3.1,1.1,0.3,1.9,2.6,11.1,10,27
杰伦-罗斯,98-99,步行者,49,1,25.3,0.403,4.1,10.1,0.262,0.3,1.3,0.791,2.6,3.2,3.1,0.7,2.4,1.9,1.0,0.3,1.5,2.6,11.1,33,16
约翰-斯托克顿,98-99,爵士,50,50,28.2,0.488,4.0,8.2,0.32,0.3,1.0,0.811,2.7,3.4,2.9,0.6,2.3,7.5,1.6,0.3,2.2,2.1,11.1,37,13
唐耶尔-马绍尔,98-99,勇士,48,20,26.0,0.421,4.3,10.3,0.361,0.5,1.5,0.727,1.8,2.5,7.1,2.4,4.7,1.4,1.0,0.8,1.7,2.6,11.0,20,28
丹尼-福特森,98-99,掘金,50,38,28.3,0.495,3.8,7.7,0.0,0.0,0.1,0.727,3.4,4.6,11.6,4.2,7.4,0.6,0.6,0.4,1.5,4.2,11.0,14,36
迈克尔-迪克森,98-99,火箭,50,50,31.2,0.465,4.3,9.2,0.433,1.4,3.3,0.639,0.9,1.4,1.7,0.5,1.1,1.9,0.5,0.2,1.3,1.8,10.9,31,19
唐-麦克伦,98-99,超音速,17,10,21.5,0.396,3.7,9.4,0.273,0.5,1.9,0.625,2.9,4.7,3.8,1.1,2.8,0.9,0.3,0.3,1.5,2.0,10.9,9,8
布莱恩特-李维斯,98-99,灰熊,25,14,28.1,0.406,4.1,10.0,0.0,0.0,0.0,0.578,2.7,4.6,5.5,2.0,3.5,1.5,0.5,0.3,1.9,4.1,10.8,5,20
迪坎贝-穆托姆博,98-99,老鹰,50,50,36.6,0.512,3.5,6.8,-0.01,0.0,0.0,0.684,3.9,5.7,12.2,3.8,8.4,1.1,0.3,2.9,1.9,2.9,10.8,31,19
德里克-安德森,98-99,骑士,38,13,25.7,0.398,3.3,8.3,0.304,0.6,1.8,0.836,3.6,4.3,2.9,0.5,2.3,3.8,1.3,0.1,2.2,1.9,10.8,16,22
萨姆-马克,98-99,-1,44,15,24.6,0.435,3.8,8.7,0.397,2.0,5.0,0.879,1.2,1.3,2.2,0.3,1.8,1.3,0.8,0.1,0.8,2.1,10.7,18,26
弗农-麦克斯维尔,98-99,国王,46,1,21.9,0.39,3.6,9.2,0.346,1.7,5.0,0.737,1.8,2.5,1.8,0.3,1.6,1.7,0.7,0.1,1.5,2.4,10.7,25,21
特里-伯特,98-99,热火,50,1,27.3,0.465,3.4,7.4,0.411,1.2,2.8,0.831,2.5,3.0,2.8,0.3,2.5,2.9,1.0,0.2,1.5,1.9,10.5,33,17
埃里克-皮亚考斯基,98-99,快船,49,38,25.3,0.432,3.7,8.5,0.394,1.3,3.4,0.863,1.8,2.1,2.9,0.8,2.1,1.1,0.9,0.1,1.1,1.8,10.5,9,40
毕森-德勒,98-99,活塞,49,48,24.0,0.501,4.4,8.8,0.0,0.0,0.0,0.686,1.7,2.4,5.6,1.9,3.7,1.4,0.8,0.8,2.3,3.7,10.5,29,20
何塞-霍金斯,98-99,超音速,50,34,32.9,0.419,3.4,8.2,0.306,1.1,3.6,0.902,2.4,2.6,4.0,1.0,3.0,2.5,1.6,0.4,1.6,1.8,10.3,25,25
达勒-艾利斯,98-99,超音速,48,5,25.7,0.441,3.6,8.2,0.433,2.0,4.5,0.757,1.1,1.5,2.4,0.5,1.9,0.8,0.5,0.1,0.9,1.6,10.3,23,25
克里斯-米尔斯,98-99,勇士,47,24,29.7,0.411,4.0,9.6,0.278,0.7,2.4,0.823,1.7,2.0,5.0,1.0,4.0,2.2,0.8,0.3,1.2,2.7,10.3,19,28
拉方索-艾利斯,98-99,老鹰,20,20,27.0,0.421,4.0,9.5,0.2,0.1,0.3,0.705,2.2,3.1,5.5,1.3,4.2,0.9,0.4,0.4,1.7,2.4,10.2,11,9
克里斯-穆林,98-99,步行者,50,50,23.6,0.477,3.5,7.4,0.465,1.5,3.1,0.87,1.6,1.8,3.2,0.5,2.7,1.6,0.9,0.3,1.2,2.0,10.1,33,17
戴尔-库里,98-99,雄鹿,42,0,20.6,0.485,3.9,8.0,0.476,1.6,3.5,0.824,0.7,0.8,2.0,0.4,1.6,1.1,0.9,0.1,1.1,1.0,10.1,23,19
特伊隆-内斯比,98-99,快船,50,36,25.8,0.449,3.6,8.1,0.365,0.7,1.9,0.782,2.1,2.7,3.5,1.1,2.4,1.6,1.5,0.4,1.1,2.9,10.1,9,41
维塔利-波塔潘科,98-99,-1,50,44,27.9,0.495,4.1,8.2,0.0,0.0,0.0,0.587,1.8,3.1,6.6,2.3,4.4,1.5,0.7,0.7,2.0,3.4,10.0,20,30
卡蒂诺-莫布里,98-99,火箭,49,37,29.7,0.425,3.5,8.3,0.358,1.1,3.0,0.818,1.8,2.2,2.3,0.4,1.8,2.5,0.9,0.5,1.6,2.0,9.9,31,18
格兰特-朗,98-99,老鹰,50,13,27.6,0.421,3.0,7.2,0.167,0.1,0.4,0.783,3.7,4.7,5.9,2.0,3.9,1.1,1.1,0.3,1.5,2.9,9.8,31,19
奥塞拉-哈宁顿,98-99,火箭,41,10,22.0,0.513,3.8,7.4,-0.01,0.0,0.0,0.721,2.1,3.0,6.0,1.8,4.2,0.4,0.1,0.6,1.5,2.5,9.8,28,13
艾弗里-约翰逊,98-99,马刺,50,50,33.4,0.473,4.4,9.2,0.083,0.0,0.2,0.568,1.0,1.8,2.4,0.4,1.9,7.4,1.0,0.2,2.2,2.0,9.7,37,13
Isaac Austin,98-99,魔术,49,49,25.7,0.408,3.8,9.2,0.286,0.0,0.1,0.669,2.1,3.2,4.8,1.7,3.1,1.8,1.0,0.7,2.3,2.6,9.7,33,16
马里奥-埃利,98-99,马刺,47,37,27.5,0.471,3.3,7.0,0.374,0.9,2.3,0.866,2.2,2.5,2.9,0.8,2.1,1.9,1.0,0.3,1.3,1.9,9.7,34,13
安东尼-皮勒,98-99,森林狼,28,28,28.9,0.379,3.7,9.7,0.298,1.2,4.1,0.732,1.1,1.5,3.0,1.1,1.9,2.8,1.3,0.2,1.4,2.1,9.6,14,14
布莱文-奈特,98-99,骑士,39,38,30.4,0.425,3.4,8.1,0.0,0.0,0.1,0.745,2.7,3.6,3.4,0.4,2.9,7.7,1.8,0.2,2.7,2.9,9.6,20,19
安托万-贾米森,98-99,勇士,47,24,22.5,0.452,3.8,8.4,0.3,0.1,0.2,0.588,1.9,3.3,6.4,2.8,3.6,0.7,0.8,0.3,1.4,2.2,9.6,21,26
比姆博-科尔斯,98-99,勇士,48,32,26.5,0.442,3.8,8.6,0.24,0.1,0.5,0.822,1.7,2.1,2.4,0.4,2.0,4.6,0.9,0.2,1.7,2.4,9.5,19,29
安东尼奥-戴维斯,98-99,步行者,49,1,25.9,0.471,3.3,7.1,-0.01,0.0,0.0,0.703,2.8,3.9,7.0,2.4,4.7,0.7,0.4,0.9,1.0,2.8,9.4,33,16
特雷西·麦克格雷迪,98-99,猛龙,49,2,22.6,0.436,3.4,7.9,0.229,0.2,0.7,0.726,2.3,3.2,5.7,2.4,3.2,2.3,1.1,1.3,1.6,1.9,9.3,23,26
菲利普-洛佩兹,98-99,灰熊,47,32,25.9,0.446,3.6,8.1,0.273,0.3,0.9,0.644,1.9,2.9,3.5,1.5,2.1,1.3,1.0,0.3,1.7,2.7,9.3,6,41
沃尔特-威廉姆斯,98-99,开拓者,48,16,21.8,0.424,3.1,7.2,0.438,1.3,3.0,0.832,1.9,2.2,3.0,0.8,2.2,1.7,0.8,0.6,1.3,2.1,9.3,33,15
达纳-巴罗斯,98-99,凯尔特,50,16,23.1,0.453,3.4,7.4,0.4,1.3,3.2,0.877,1.3,1.5,2.1,0.3,1.8,4.2,1.0,0.1,1.8,1.3,9.3,19,31
塔里克-阿卜杜-瓦哈德,98-99,国王,49,49,24.6,0.435,3.6,8.3,0.286,0.1,0.4,0.691,1.9,2.8,3.8,1.5,2.3,1.0,1.0,0.3,1.4,2.5,9.3,27,22
休伯特-戴维斯,98-99,独行侠,50,21,27.6,0.438,3.5,7.9,0.451,1.3,2.9,0.88,0.9,1.0,1.7,0.1,1.7,1.8,0.4,0.1,1.1,1.5,9.1,19,31
迪克-辛普金斯,98-99,公牛,50,35,29.0,0.463,3.0,6.5,0.0,0.0,0.0,0.645,3.1,4.8,6.8,2.2,4.6,1.3,0.7,0.3,1.4,2.6,9.1,13,37
拉里-休斯,98-99,76人,50,1,19.8,0.411,3.4,8.3,0.154,0.2,1.0,0.709,2.1,3.0,3.8,1.7,2.1,1.5,0.9,0.3,1.4,1.9,9.1,28,22
塞德里克-亨德森,98-99,骑士,50,48,30.3,0.417,3.8,9.1,0.167,0.0,0.2,0.813,1.5,1.8,3.9,0.9,3.0,2.3,1.2,0.5,1.9,2.7,9.1,22,28
特里-卡明斯,98-99,勇士,50,0,20.2,0.439,3.7,8.5,1.0,0.0,0.0,0.711,1.6,2.3,5.1,1.9,3.2,1.2,0.9,0.2,1.2,3.4,9.1,21,29
丹尼-曼宁,98-99,太阳,50,5,23.7,0.484,3.7,7.7,0.111,0.0,0.2,0.696,1.6,2.2,4.4,1.2,3.1,2.3,0.7,0.8,1.4,2.6,9.1,27,23
马克-布莱恩特,98-99,公牛,45,29,26.8,0.483,3.7,7.7,0.0,0.0,0.0,0.645,1.6,2.4,5.2,2.0,3.1,1.1,0.8,0.4,1.5,3.3,9.0,12,33
J.R.-瑞德,98-99,-1,41,26,25.1,0.477,3.2,6.8,0.0,0.0,0.0,0.766,2.6,3.3,5.2,1.1,4.1,1.2,0.9,0.2,1.2,3.3,9.0,17,24
里克-福克斯,98-99,湖人,44,1,21.5,0.448,3.4,7.5,0.337,0.7,2.2,0.742,1.5,2.0,2.0,0.6,1.4,2.0,0.6,0.2,1.3,2.6,9.0,27,17
劳伦斯-方德伯克,98-99,国王,47,2,19.9,0.559,3.6,6.4,0.2,0.0,0.1,0.708,1.8,2.6,4.7,2.1,2.6,0.6,0.5,0.5,1.1,1.6,8.9,25,22
乔治-麦克劳德,98-99,太阳,48,16,25.9,0.438,3.0,6.8,0.416,1.4,3.5,0.862,1.6,1.8,3.4,0.7,2.7,1.6,0.9,0.3,1.0,2.6,8.9,25,23
迈克尔-奥洛沃坎迪,98-99,快船,45,36,28.4,0.431,3.8,8.9,-0.01,0.0,0.0,0.483,1.3,2.6,7.9,2.7,5.3,0.6,0.6,1.2,1.9,3.0,8.9,9,36
罗波特-派克,98-99,独行侠,25,0,18.7,0.431,3.0,7.0,0.0,0.0,0.2,0.818,2.9,3.5,1.4,0.4,1.1,3.2,0.8,0.0,2.0,1.6,8.9,10,15
霍雷斯-格兰特,98-99,魔术,50,50,33.2,0.434,4.0,9.1,0.0,0.0,0.0,0.671,0.9,1.4,7.0,2.3,4.7,1.8,0.9,1.2,0.9,2.0,8.9,33,17
埃里克-丹皮尔,98-99,勇士,50,50,28.3,0.389,3.2,8.3,-0.01,0.0,0.0,0.588,2.4,4.1,7.6,3.3,4.4,1.1,0.5,1.2,1.8,3.3,8.8,21,29
贾森-卡菲,98-99,勇士,35,32,25.0,0.444,3.5,7.9,0.0,0.0,0.0,0.633,1.8,2.8,5.9,2.3,3.6,0.5,0.7,0.3,2.1,3.2,8.8,14,21
兰迪-布朗,98-99,公牛,39,32,29.2,0.414,3.4,8.2,0.0,0.0,0.3,0.757,2.0,2.6,3.4,0.7,2.7,3.8,1.7,0.2,2.1,2.4,8.8,10,29
卢克-朗利,98-99,太阳,39,39,23.9,0.483,3.6,7.4,-0.01,0.0,0.0,0.776,1.5,1.9,5.7,1.5,4.2,1.2,0.6,0.5,1.4,3.1,8.7,19,20
埃里克-斯诺,98-99,76人,48,48,35.8,0.428,3.1,7.3,0.238,0.1,0.4,0.733,2.3,3.1,3.4,0.5,2.9,6.3,2.1,0.0,2.3,3.1,8.6,28,20
肖恩-布拉德利,98-99,独行侠,49,33,26.4,0.48,3.4,7.1,0.0,0.0,0.1,0.748,1.8,2.3,8.0,2.7,5.3,0.8,0.7,3.2,1.1,3.1,8.6,19,30
约翰-华莱士,98-99,猛龙,48,3,16.9,0.432,3.2,7.4,-0.01,0.0,0.0,0.7,2.2,3.1,3.6,1.1,2.4,1.0,0.3,0.9,1.5,1.9,8.6,21,27
特伊隆-希尔,98-99,-1,38,23,29.1,0.455,3.2,7.1,-0.01,0.0,0.0,0.54,2.1,3.9,7.6,3.0,4.5,0.9,0.9,0.4,1.6,3.8,8.6,21,17
山顿-安德森,98-99,爵士,50,2,21.4,0.446,3.2,7.3,0.341,0.3,0.8,0.712,1.8,2.5,2.6,1.0,1.7,1.1,0.8,0.2,1.3,1.8,8.5,37,13
查基-布朗,98-99,黄蜂,48,21,24.8,0.472,3.7,7.8,0.375,0.3,0.8,0.678,0.8,1.2,3.6,0.8,2.9,1.2,0.3,0.4,0.8,2.2,8.5,25,23
吉姆-杰克逊,98-99,开拓者,49,9,24.0,0.411,3.1,7.6,0.278,0.5,1.8,0.842,1.7,2.1,3.2,0.7,2.5,2.6,0.9,0.1,1.7,1.6,8.4,34,15
佩贾-斯托亚科维奇,98-99,国王,48,1,21.4,0.378,2.9,7.8,0.32,1.2,3.7,0.851,1.3,1.5,3.0,0.9,2.1,1.5,0.9,0.1,1.1,0.9,8.4,26,22
乔治-林奇,98-99,76人,43,43,30.6,0.421,3.4,8.1,0.391,0.2,0.5,0.631,1.2,2.0,6.5,2.6,3.9,1.8,2.0,0.5,1.8,3.3,8.3,23,20
阿尔蒙-吉列姆,98-99,雄鹿,34,5,19.6,0.453,3.0,6.6,0.0,0.0,0.0,0.782,2.3,3.0,3.7,1.0,2.7,0.6,0.6,0.4,1.1,1.4,8.3,17,17
谢尔曼-道格拉斯,98-99,快船,30,19,28.1,0.438,3.2,7.3,0.0,0.0,0.4,0.632,1.8,2.9,1.9,0.5,1.4,4.1,0.9,0.1,2.0,1.8,8.2,6,24
德克-诺维茨基,98-99,独行侠,47,24,20.4,0.405,2.9,7.1,0.206,0.3,1.4,0.773,2.1,2.7,3.4,0.9,2.6,1.0,0.6,0.6,1.6,2.2,8.2,17,30
马特-哈普林,98-99,魔术,50,22,22.3,0.463,3.0,6.4,0.4,0.2,0.5,0.713,2.0,2.9,4.3,1.8,2.5,0.9,0.6,0.1,1.5,2.2,8.2,33,17
科特-托马斯,98-99,尼克斯,50,44,23.6,0.462,3.4,7.4,0.0,0.0,0.0,0.611,1.3,2.2,5.7,1.6,4.1,1.1,0.9,0.3,1.5,3.2,8.1,27,23
克莱伦斯-威瑟斯庞,98-99,热火,49,3,21.2,0.534,2.9,5.4,-0.01,0.0,0.0,0.804,2.3,2.9,5.0,1.5,3.5,0.7,0.6,0.3,1.2,2.2,8.1,33,16
马里克-希利,98-99,森林狼,31,7,23.6,0.411,3.1,7.5,0.261,0.2,0.7,0.902,1.8,2.0,3.0,0.7,2.2,1.2,1.0,0.2,1.1,2.2,8.1,15,16
贾森-威廉姆斯,98-99,篮网,30,30,34.0,0.445,3.2,7.3,0.0,0.0,0.1,0.565,1.6,2.8,12.0,4.9,7.1,1.1,0.8,2.0,1.5,4.2,8.1,6,24
达里克-马丁,98-99,快船,37,25,25.4,0.367,2.8,7.5,0.292,0.8,2.9,0.803,1.6,2.1,1.3,0.1,1.2,3.9,1.2,0.1,1.8,2.2,8.0,6,31
戴尔-戴维斯,98-99,步行者,50,50,27.5,0.533,3.2,6.0,-0.01,0.0,0.0,0.618,1.5,2.5,8.3,3.1,5.2,0.4,0.4,1.1,0.9,2.3,8.0,33,17
埃里克-默多克,98-99,篮网,15,8,26.7,0.395,3.0,7.6,0.364,0.5,1.5,0.808,1.4,1.7,2.3,0.2,2.1,4.4,1.5,0.1,1.9,2.3,7.9,2,13
安德鲁-德克勒克,98-99,-1,47,32,23.4,0.5,2.9,5.9,-0.01,0.0,0.0,0.674,2.0,3.0,5.4,2.2,3.2,0.7,1.1,0.6,1.1,3.4,7.9,20,27
史蒂夫-纳什,98-99,独行侠,40,40,31.7,0.363,2.9,7.9,0.374,1.2,3.3,0.826,1.0,1.2,2.9,0.8,2.1,5.5,0.9,0.1,2.1,2.5,7.9,13,27
比利-欧文斯,98-99,超音速,21,19,21.5,0.394,3.1,7.9,0.455,0.2,0.5,0.8,1.3,1.7,3.8,1.7,2.1,1.8,0.6,0.2,1.6,1.8,7.8,9,12
卡尔伯特-钱尼,98-99,奇才,50,18,25.3,0.414,3.4,8.3,0.216,0.2,0.7,0.493,0.7,1.3,2.8,0.7,2.2,1.5,0.8,0.3,0.8,2.9,7.7,18,32
奥尔登-波利尼斯,98-99,超音速,48,47,30.9,0.472,3.5,7.5,1.0,0.0,0.0,0.309,0.6,2.0,8.9,3.8,5.0,0.9,0.4,0.6,1.0,3.1,7.7,23,25
马克-杰克逊,98-99,步行者,49,49,28.2,0.419,2.8,6.7,0.311,0.7,2.1,0.823,1.3,1.6,3.8,0.7,3.1,7.9,0.9,0.1,2.0,1.2,7.6,32,17
克里斯汀-莱特纳,98-99,活塞,16,0,21.1,0.358,2.4,6.6,0.333,0.1,0.2,0.772,2.8,3.6,3.4,1.3,2.1,1.5,0.9,0.8,1.2,1.9,7.6,13,3
查理-沃德,98-99,尼克斯,50,50,31.1,0.404,2.7,6.7,0.356,1.1,3.0,0.705,1.1,1.6,3.4,0.5,3.0,5.4,2.1,0.2,2.6,2.1,7.6,27,23
埃里克-斯特里克兰,98-99,独行侠,33,2,17.2,0.403,2.7,6.7,0.305,0.5,1.8,0.815,1.6,2.0,2.5,0.4,2.2,1.9,1.2,0.1,1.1,1.3,7.5,10,23
特伊隆-科尔宾,98-99,老鹰,47,6,22.7,0.391,2.8,7.1,0.319,0.8,2.5,0.65,1.1,1.7,3.1,0.8,2.3,0.9,0.7,0.1,0.9,1.6,7.5,30,17
罗德尼-罗杰斯,98-99,快船,47,7,20.6,0.441,2.8,6.3,0.286,0.4,1.3,0.673,1.4,2.1,3.8,1.4,2.4,1.6,1.0,0.5,1.4,3.0,7.4,8,39
霍华德-埃斯利,98-99,爵士,50,0,20.8,0.446,2.8,6.3,0.42,0.4,1.0,0.838,1.3,1.6,1.9,0.2,1.6,3.7,0.6,0.0,2.2,2.4,7.4,37,13
布伦特-普莱斯,98-99,火箭,40,6,20.2,0.483,2.5,5.2,0.411,1.2,2.8,0.754,1.2,1.5,2.0,0.5,1.5,2.8,0.8,0.0,1.6,2.3,7.3,26,14
埃里克-威廉姆斯,98-99,掘金,38,8,20.5,0.365,2.1,5.8,0.231,0.2,0.7,0.799,2.9,3.7,2.1,0.9,1.2,1.0,0.7,0.2,1.3,2.0,7.3,11,27
科里-亚历山大,98-99,掘金,36,4,21.6,0.373,2.7,7.2,0.286,0.8,2.9,0.841,1.0,1.2,2.1,0.2,1.9,3.3,1.0,0.1,1.9,2.1,7.3,9,27
蒂姆-托马斯,98-99,-1,50,26,16.2,0.473,2.6,5.6,0.309,0.4,1.4,0.652,1.5,2.2,2.5,1.0,1.5,0.9,0.5,0.2,0.9,2.1,7.2,26,24
马库斯-坎比,98-99,尼克斯,46,0,20.5,0.521,3.0,5.7,-0.01,0.0,0.0,0.553,1.2,2.2,5.5,2.2,3.3,0.3,0.6,1.6,0.8,2.8,7.2,27,19
杰罗姆-威廉姆斯,98-99,活塞,50,10,23.1,0.5,2.5,5.0,-0.01,0.0,0.0,0.673,2.1,3.2,7.0,3.2,3.8,0.5,1.3,0.1,0.8,2.2,7.1,29,21
特拉维斯-贝斯特,98-99,步行者,49,0,21.3,0.416,2.6,6.2,0.373,0.4,1.2,0.843,1.4,1.7,1.6,0.4,1.2,3.4,0.9,0.1,1.3,2.3,7.1,33,16
鲍比-杰克逊,98-99,森林狼,50,12,18.8,0.405,2.8,7.0,0.37,0.2,0.5,0.772,1.2,1.6,2.7,0.9,1.8,3.3,0.8,0.1,1.5,1.5,7.1,25,25
丹-马尔利,98-99,热火,48,48,33.8,0.396,2.5,6.2,0.335,1.4,4.2,0.717,0.7,1.0,4.3,0.4,3.9,3.1,0.8,0.1,1.1,2.1,7.0,32,16
丹尼-费里,98-99,骑士,50,10,21.2,0.476,2.8,5.9,0.392,0.8,1.9,0.879,0.6,0.7,2.0,0.3,1.7,1.1,0.5,0.2,0.8,2.3,7.0,22,28
查尔斯-奥克利,98-99,猛龙,50,50,32.7,0.428,2.8,6.5,0.2,0.0,0.1,0.807,1.3,1.7,7.5,1.9,5.6,3.4,0.9,0.4,1.9,3.6,7.0,23,27
布莱恩特-斯蒂奇,98-99,掘金,46,32,26.0,0.393,2.5,6.3,0.292,0.7,2.3,0.859,1.3,1.5,2.3,0.7,1.7,1.8,0.6,0.3,1.0,1.4,7.0,13,33
海伍德-沃克曼,98-99,雄鹿,29,29,28.1,0.429,2.5,5.9,0.362,0.6,1.6,0.787,1.3,1.6,3.5,0.5,3.0,5.9,1.1,0.0,2.2,1.8,6.9,16,13
德里克-哈珀,98-99,湖人,45,29,24.9,0.412,2.7,6.5,0.368,1.0,2.6,0.813,0.6,0.7,1.5,0.3,1.2,4.2,1.0,0.1,1.2,1.5,6.9,29,16
克里斯-克劳福德,98-99,老鹰,42,30,18.7,0.431,2.6,6.1,0.333,0.3,0.8,0.814,1.4,1.7,2.1,0.9,1.3,0.6,0.2,0.3,1.1,2.5,6.9,27,15
克里斯-柴尔斯,98-99,尼克斯,48,0,27.0,0.427,2.4,5.6,0.383,0.8,2.0,0.821,1.3,1.6,2.8,0.4,2.4,4.0,0.9,0.0,1.8,3.3,6.8,25,23
托尼-德尔克,98-99,勇士,36,13,17.5,0.364,2.6,7.0,0.242,0.4,1.8,0.648,1.3,2.0,1.5,0.3,1.2,2.6,0.4,0.2,1.3,1.3,6.8,15,21
沃尚-莱纳德,98-99,热火,12,2,15.8,0.392,2.6,6.6,0.343,1.0,2.9,0.727,0.7,0.9,1.3,0.3,1.0,0.8,0.3,0.1,0.6,1.5,6.8,8,4
特洛伊-哈德森,98-99,快船,25,6,21.0,0.4,2.4,6.0,0.319,0.6,1.9,0.895,1.4,1.5,2.2,0.6,1.6,3.7,0.4,0.1,1.5,1.1,6.8,6,19
托尼-巴蒂,98-99,凯尔特,50,15,22.4,0.519,2.9,5.7,0.0,0.0,0.1,0.672,0.8,1.2,6.0,1.9,4.1,1.1,0.6,1.4,0.9,3.2,6.7,19,31
洛伦岑-怀特,98-99,快船,48,15,23.6,0.458,2.5,5.4,0.0,0.0,0.0,0.692,1.7,2.4,7.5,3.0,4.6,0.7,0.5,0.8,1.0,3.4,6.6,9,39
斯科特-伯勒尔,98-99,篮网,32,10,22.1,0.361,2.3,6.5,0.389,0.9,2.3,0.81,1.1,1.3,3.7,1.0,2.7,1.4,1.3,0.3,0.7,2.6,6.6,7,25
博-奥特洛,98-99,魔术,31,22,27.5,0.545,2.7,5.0,0.0,0.0,0.1,0.432,1.1,2.6,5.4,1.7,3.6,1.8,1.3,1.4,1.9,2.5,6.5,19,12
德尼斯-斯科特,98-99,-1,36,9,20.5,0.408,2.4,5.9,0.381,1.0,2.7,0.742,0.6,0.9,1.6,0.2,1.4,1.1,0.4,0.1,0.5,1.4,6.5,18,18
特雷西-穆雷,98-99,奇才,36,0,18.1,0.35,2.3,6.6,0.32,0.9,2.9,0.81,0.9,1.2,2.3,0.5,1.8,0.8,0.6,0.2,0.8,1.8,6.5,14,22
贾仑-杰克逊,98-99,马刺,47,13,18.3,0.38,2.3,6.0,0.361,1.1,3.1,0.821,0.7,0.8,2.1,0.4,1.7,1.0,0.9,0.2,0.8,1.3,6.4,34,13
格雷格-安东尼,98-99,开拓者,50,0,16.1,0.414,2.1,5.0,0.392,1.0,2.5,0.697,1.2,1.8,1.3,0.3,1.0,2.0,1.3,0.1,1.1,1.5,6.4,35,15
贾米尔-法伊克,98-99,-1,28,16,30.4,0.5,2.4,4.8,-0.01,0.0,0.0,0.717,1.5,2.1,10.3,4.0,6.3,0.9,0.9,0.6,1.2,2.6,6.3,14,14
布拉德-米勒,98-99,黄蜂,38,0,12.3,0.565,2.1,3.6,0.5,0.0,0.1,0.794,2.1,2.7,3.1,0.9,2.2,0.6,0.2,0.5,0.8,1.7,6.3,20,18
迈克尔-多里亚克,98-99,魔术,49,0,15.9,0.468,2.6,5.4,-0.01,0.0,0.0,0.675,1.1,1.6,3.0,1.3,1.7,0.4,0.4,0.3,0.5,2.4,6.2,32,17
克罗内-大卫,98-99,公牛,50,6,18.0,0.449,2.2,4.9,0.0,0.0,0.0,0.811,1.8,2.2,3.5,1.4,2.1,0.8,0.5,0.3,1.0,1.8,6.2,13,37
查克-珀森,98-99,黄蜂,50,21,19.8,0.388,2.2,5.8,0.35,1.1,3.1,0.75,0.5,0.6,2.6,0.3,2.3,1.2,0.4,0.2,0.8,1.8,6.1,26,24
约翰-纽曼,98-99,骑士,50,2,19.0,0.422,2.1,5.0,0.377,0.5,1.2,0.81,1.4,1.7,1.5,0.3,1.2,0.8,0.6,0.2,0.8,2.5,6.1,22,28
马里克-罗斯,98-99,马刺,47,0,12.9,0.463,2.0,4.3,0.0,0.0,0.0,0.671,2.1,3.1,3.9,1.9,2.0,0.6,0.9,0.5,1.2,2.6,6.0,36,11
本-华莱士,98-99,奇才,46,16,26.8,0.578,2.5,4.3,-0.01,0.0,0.0,0.356,1.0,2.9,8.3,3.0,5.4,0.4,1.1,2.0,0.8,2.4,6.0,17,29
德里克-费舍尔,98-99,湖人,50,21,22.6,0.376,2.0,5.3,0.392,0.8,1.9,0.759,1.2,1.6,1.8,0.4,1.4,3.9,1.2,0.0,1.5,1.9,5.9,31,19
詹姆斯-罗宾逊,98-99,-1,31,0,16.3,0.362,2.2,6.0,0.284,0.7,2.4,0.683,0.9,1.3,2.0,0.6,1.4,1.8,0.7,0.3,1.4,1.9,5.9,4,27
约翰-克罗蒂,98-99,-1,27,0,14.1,0.411,1.9,4.6,0.389,0.5,1.3,0.86,1.6,1.9,1.1,0.3,0.9,2.3,0.4,0.0,1.2,1.1,5.9,14,13
萨马基-沃克,98-99,独行侠,39,2,14.6,0.463,2.3,4.9,0.0,0.0,0.0,0.541,1.4,2.5,3.7,1.2,2.5,0.2,0.2,0.4,0.9,2.2,5.9,11,28
维尼-德纳特,98-99,雄鹿,48,7,22.8,0.422,2.4,5.6,0.433,0.3,0.6,0.8,0.8,1.0,2.1,0.3,1.8,3.6,0.7,0.1,1.1,1.3,5.9,27,21
道格-韦斯特,98-99,灰熊,14,2,21.0,0.477,2.2,4.6,0.0,0.0,0.1,0.76,1.4,1.8,1.8,0.4,1.4,1.4,1.1,0.5,0.9,2.7,5.8,3,11
约翰-泰勒,98-99,掘金,36,9,20.1,0.414,2.3,5.5,0.382,0.7,1.9,0.739,0.5,0.6,2.8,0.8,2.0,0.7,0.8,0.5,0.9,2.7,5.8,10,26
格雷格-奥斯特塔格,98-99,爵士,48,48,27.9,0.476,2.1,4.3,-0.01,0.0,0.0,0.62,1.6,2.5,7.3,2.2,5.1,0.5,0.3,2.7,0.9,2.9,5.7,35,13
克里斯-加特林,98-99,-1,48,3,16.1,0.442,2.4,5.5,0.125,0.0,0.2,0.398,0.8,1.9,3.7,1.1,2.6,0.7,0.7,0.2,1.3,2.5,5.7,18,30
沃尔特-迈卡蒂,98-99,凯尔特,32,4,20.6,0.362,2.0,5.5,0.26,0.4,1.6,0.702,1.3,1.8,3.6,1.1,2.5,1.3,0.8,0.4,1.3,2.8,5.7,10,22
帕特-加里蒂,98-99,太阳,39,9,13.8,0.5,2.2,4.4,0.389,0.2,0.5,0.714,1.0,1.4,1.9,0.7,1.3,0.5,0.2,0.1,0.5,1.6,5.6,24,15
切洛基-帕克斯,98-99,灰熊,48,41,23.3,0.429,2.5,5.7,0.0,0.0,0.0,0.545,0.6,1.1,5.1,1.6,3.5,0.8,0.6,0.6,1.0,2.4,5.5,7,41
弗拉迪米尔-斯蒂潘尼亚,98-99,超音速,23,6,13.6,0.424,2.3,5.4,0.0,0.0,0.1,0.525,0.9,1.7,3.3,1.2,2.1,0.5,0.4,1.0,1.4,2.5,5.5,11,12
迪恩-加勒特,98-99,森林狼,49,37,21.5,0.502,2.4,4.7,-0.01,0.0,0.0,0.745,0.8,1.0,5.2,2.0,3.2,0.6,0.6,0.9,0.6,2.3,5.5,24,25
朱德-布伊奇勒,98-99,活塞,50,0,21.1,0.417,2.0,4.8,0.412,1.2,3.0,0.722,0.3,0.4,2.7,0.6,2.1,1.1,0.7,0.3,0.4,1.7,5.5,29,21
马克-亨德里克森,98-99,篮网,22,6,18.1,0.443,1.8,4.0,0.0,0.0,0.0,0.84,1.9,2.3,3.1,1.2,1.9,0.6,0.5,0.0,0.7,1.8,5.5,10,12
米切尔-巴特勒,98-99,骑士,31,1,13.5,0.482,2.2,4.5,0.379,0.4,0.9,0.719,0.7,1.0,1.4,0.4,1.0,0.7,0.5,0.1,0.9,1.3,5.4,12,19
埃里克-华盛顿,98-99,掘金,38,6,20.0,0.397,1.9,4.8,0.381,1.0,2.6,0.688,0.6,0.8,2.3,0.9,1.4,0.8,0.7,0.5,0.9,2.3,5.4,12,26
鲁西奥斯-哈里斯,98-99,篮网,36,5,16.7,0.403,2.0,5.0,0.22,0.3,1.4,0.75,1.0,1.3,1.9,0.6,1.3,0.9,0.5,0.2,0.5,1.4,5.4,13,23
克里斯-凯尔,98-99,-1,39,4,11.4,0.371,1.9,5.3,0.373,0.7,1.9,0.675,0.7,1.0,1.8,0.6,1.2,0.6,0.2,0.1,0.7,1.2,5.3,20,19
罗波特-特雷勒,98-99,雄鹿,49,43,16.0,0.537,2.2,4.1,0.0,0.0,0.0,0.538,0.9,1.6,3.7,1.6,2.1,0.8,0.9,0.9,0.9,2.9,5.3,27,22
达蒙-琼斯,98-99,-1,24,0,14.3,0.361,1.8,5.0,0.403,1.0,2.6,0.824,0.6,0.7,1.8,0.3,1.6,1.8,0.5,0.0,0.7,1.0,5.2,7,17
唐-瑞德,98-99,活塞,47,30,19.9,0.557,2.1,3.7,-0.01,0.0,0.0,0.608,1.0,1.7,3.6,1.4,2.2,0.7,0.6,0.9,0.8,3.3,5.1,27,20
斯科特-波拉德,98-99,国王,16,5,16.2,0.541,2.1,3.8,-0.01,0.0,0.0,0.696,1.0,1.4,5.1,2.4,2.8,0.3,0.5,1.1,0.3,2.6,5.1,10,6
埃尔文-约翰逊,98-99,雄鹿,50,7,20.5,0.508,1.9,3.8,-0.01,0.0,0.0,0.61,1.3,2.1,6.4,2.4,4.0,0.4,0.6,1.1,0.9,3.0,5.1,28,22
杰拉尼-麦考伊,98-99,超音速,26,0,12.7,0.737,2.2,2.9,-0.01,0.0,0.0,0.5,0.8,1.6,3.0,1.0,2.0,0.2,0.4,0.8,0.4,1.6,5.1,14,12
Muggsy-博格斯,98-99,勇士,36,5,19.8,0.494,2.1,4.3,0.0,0.0,0.2,0.861,0.9,1.0,2.0,0.4,1.6,3.7,1.2,0.0,1.3,1.2,5.1,15,21
德里克-斯特朗,98-99,魔术,44,0,15.8,0.422,1.7,4.1,0.0,0.0,0.0,0.717,1.6,2.3,3.7,1.5,2.2,0.4,0.3,0.2,0.8,1.5,5.1,28,16
埃尔德里奇-雷卡斯那,98-99,黄蜂,44,2,16.1,0.446,1.9,4.2,0.4,0.5,1.4,0.872,0.8,0.9,1.8,0.5,1.3,2.1,0.4,0.0,1.3,1.5,5.0,22,22
泰伦-卢,98-99,湖人,15,0,12.5,0.431,1.9,4.3,0.438,0.5,1.1,0.571,0.8,1.4,0.4,0.1,0.3,1.7,0.3,0.0,0.7,1.9,5.0,7,8
安东尼-约翰逊,98-99,老鹰,49,2,18.1,0.404,1.9,4.6,0.263,0.1,0.4,0.695,1.2,1.7,1.5,0.3,1.2,2.2,0.7,0.1,1.3,1.4,5.0,31,18
多米尼克-威尔金斯,98-99,魔术,27,2,9.3,0.379,1.9,4.9,0.263,0.2,0.7,0.69,1.1,1.6,2.6,1.1,1.5,0.6,0.1,0.0,0.9,0.7,5.0,16,11
阿尔文-威廉姆斯,98-99,猛龙,50,45,21.0,0.401,1.9,4.7,0.333,0.3,0.8,0.846,0.9,1.0,1.6,0.4,1.3,2.6,1.0,0.2,1.1,1.9,5.0,23,27
萨姆-帕金斯,98-99,步行者,48,0,16.4,0.4,1.7,4.2,0.389,0.7,1.9,0.717,0.9,1.3,2.9,0.8,2.1,0.5,0.3,0.3,0.5,1.5,5.0,31,17
琼-巴里,98-99,国王,43,0,17.1,0.428,1.4,3.2,0.304,0.6,1.8,0.845,1.7,2.0,2.2,0.6,1.7,2.6,1.2,0.1,1.1,1.4,5.0,23,20
罗伯特-霍里,98-99,湖人,38,5,19.6,0.459,1.8,3.8,0.444,0.5,1.2,0.739,0.9,1.2,4.0,1.5,2.5,1.5,0.9,1.0,1.3,2.7,4.9,24,14
A.C.-格林,98-99,独行侠,50,35,18.5,0.422,2.2,5.1,0.0,0.0,0.2,0.577,0.6,1.0,4.6,1.6,2.9,0.5,0.6,0.2,0.4,1.4,4.9,19,31
迈克尔-库里,98-99,雄鹿,50,4,22.9,0.437,1.8,4.1,0.067,0.0,0.3,0.797,1.3,1.6,2.2,0.4,1.8,1.6,0.8,0.1,0.7,2.7,4.9,28,22
艾德-格雷,98-99,老鹰,30,3,11.2,0.291,1.8,6.1,0.286,0.4,1.4,0.757,0.9,1.2,0.9,0.2,0.7,0.4,0.4,0.0,1.0,1.0,4.9,17,13
格雷格-迈纳,98-99,凯尔特,44,7,17.4,0.417,1.9,4.6,0.286,0.2,0.6,0.75,0.8,1.1,2.7,0.7,2.0,1.1,0.5,0.1,0.9,1.6,4.9,19,25
阿隆-麦基,98-99,76人,50,4,19.2,0.401,1.9,4.7,0.194,0.1,0.6,0.71,0.9,1.2,2.8,0.5,2.3,2.0,1.3,0.1,1.1,1.8,4.8,28,22
克里斯-惠特尼,98-99,奇才,39,1,11.3,0.41,1.6,4.0,0.337,0.8,2.4,0.871,0.7,0.8,1.2,0.2,1.0,1.8,0.5,0.1,0.9,1.3,4.8,14,25
迈克尔-史密斯,98-99,灰熊,48,10,22.9,0.535,1.6,3.0,0.0,0.0,0.0,0.594,1.6,2.7,7.3,2.8,4.5,1.0,1.0,0.4,1.3,2.2,4.8,7,41
罗肖恩-迈克里奥德,98-99,老鹰,34,0,10.2,0.38,1.8,4.8,0.1,0.0,0.3,0.822,1.1,1.3,1.5,0.4,1.1,0.4,0.1,0.0,0.7,0.7,4.8,21,13
鲁斯蒂-拉鲁,98-99,公牛,43,6,17.0,0.359,1.8,5.0,0.337,0.7,2.1,1.0,0.4,0.4,1.3,0.2,1.1,1.5,0.8,0.1,0.8,1.5,4.7,10,33
安东尼奥-丹尼尔斯,98-99,马刺,47,0,13.1,0.454,1.8,3.9,0.294,0.1,0.4,0.754,1.0,1.4,1.1,0.3,0.9,2.3,0.6,0.1,0.9,0.8,4.7,36,11
德里克-麦凯,98-99,步行者,13,0,18.8,0.442,1.8,4.0,0.0,0.0,0.1,0.824,1.1,1.3,3.2,1.4,1.8,1.0,0.9,0.3,0.9,1.8,4.6,9,4
里基-戴维斯,98-99,黄蜂,46,1,12.1,0.405,1.8,4.3,0.167,0.0,0.3,0.763,1.0,1.3,1.8,0.9,1.0,1.3,0.7,0.2,1.2,1.0,4.5,25,21
德胡安-威特,98-99,灰熊,46,0,12.8,0.378,1.6,4.2,0.367,0.5,1.3,0.727,0.9,1.2,1.0,0.2,0.7,2.2,0.6,0.0,1.0,1.3,4.5,8,38
斯蒂夫-科尔,98-99,马刺,44,0,16.7,0.391,1.5,4.0,0.313,0.6,1.8,0.886,0.7,0.8,1.0,0.1,0.9,1.1,0.5,0.1,0.5,0.6,4.4,31,13
斯特西-奥格蒙,98-99,开拓者,48,21,18.2,0.448,1.6,3.6,0.0,0.0,0.0,0.684,1.1,1.6,2.6,1.0,1.6,1.2,1.2,0.4,0.6,1.7,4.3,33,15
约翰-托马斯,98-99,猛龙,39,11,15.2,0.577,1.8,3.2,0.0,0.0,0.0,0.563,0.7,1.2,3.4,1.7,1.8,0.4,0.4,0.2,0.5,2.1,4.3,18,21
汤姆-哈蒙德,98-99,森林狼,49,0,14.6,0.458,1.7,3.7,-0.01,0.0,0.0,0.64,1.0,1.5,2.8,1.1,1.7,0.4,0.2,0.1,0.7,1.8,4.3,25,24
鲍勃-苏拉,98-99,骑士,50,6,16.8,0.333,1.4,4.2,0.2,0.2,0.9,0.631,1.3,2.1,2.0,0.4,1.6,3.0,0.9,0.3,1.3,2.0,4.3,22,28
Randell Jackson,98-99,奇才,27,8,10.0,0.426,1.7,4.0,0.143,0.0,0.3,0.656,0.8,1.2,2.0,1.1,0.9,0.3,0.1,0.4,1.0,1.1,4.2,10,17
泰瑞斯-奈特,98-99,湖人,37,23,14.2,0.515,1.8,3.5,0.0,0.0,0.0,0.759,0.6,0.8,3.5,0.9,2.5,0.8,0.6,0.7,0.9,2.9,4.2,24,13
瑟尔-贝莉,98-99,爵士,43,0,12.6,0.446,1.8,4.1,0.0,0.0,0.0,0.735,0.6,0.8,2.2,0.8,1.3,0.6,0.2,0.7,0.6,1.8,4.2,32,11
克里斯-莫里斯,98-99,太阳,44,2,12.2,0.43,1.5,3.4,0.286,0.4,1.3,0.87,0.9,1.0,2.8,1.2,1.5,0.5,0.4,0.3,0.5,1.2,4.2,23,21
布莱恩-斯金纳,98-99,快船,21,0,12.3,0.465,1.6,3.4,-0.01,0.0,0.0,0.606,1.0,1.6,2.5,1.0,1.6,0.0,0.5,0.6,0.9,1.0,4.1,2,19
科里-凯尔,98-99,公牛,42,7,14.9,0.329,1.7,5.1,0.167,0.1,0.7,0.75,0.6,0.8,1.2,0.2,1.0,1.6,0.5,0.2,1.1,1.6,4.1,9,33
蒂姆-莱格勒,98-99,奇才,30,0,12.6,0.443,1.7,3.8,0.4,0.5,1.2,0.5,0.1,0.2,1.3,0.3,1.1,0.7,0.1,0.1,0.5,1.4,4.0,8,22
亚当-基费,98-99,爵士,44,0,14.6,0.452,1.3,2.8,0.0,0.0,0.1,0.697,1.4,2.0,3.2,1.2,2.1,0.6,0.4,0.3,0.8,1.4,4.0,32,12
阿隆-威廉姆斯,98-99,超音速,40,2,11.5,0.423,1.3,3.1,0.0,0.0,0.0,0.73,1.4,1.9,3.2,1.4,1.9,0.6,0.4,0.6,0.8,1.9,4.0,19,21
道格-欧沃顿,98-99,-1,24,1,10.2,0.429,1.5,3.5,0.286,0.1,0.3,0.9,0.8,0.8,0.9,0.3,0.6,1.0,0.2,0.0,0.8,0.8,3.8,9,15
雷杰-斯莱特,98-99,猛龙,30,0,8.8,0.383,1.0,2.7,-0.01,0.0,0.0,0.624,1.8,2.8,2.3,1.2,1.1,0.2,0.1,0.1,0.8,1.7,3.8,9,21
安德鲁-朗,98-99,公牛,21,13,18.4,0.323,1.5,4.7,-0.01,0.0,0.0,0.696,0.8,1.1,4.4,1.6,2.9,0.6,0.2,0.6,0.8,2.0,3.8,6,15
科里-本杰明,98-99,公牛,31,1,10.3,0.376,1.4,3.8,0.214,0.1,0.5,0.675,0.9,1.3,1.3,0.5,0.8,0.3,0.4,0.3,0.7,1.5,3.8,8,23
比尔-温宁顿,98-99,公牛,38,3,11.9,0.348,1.6,4.7,1.0,0.0,0.0,0.818,0.5,0.6,2.1,0.5,1.6,0.5,0.3,0.3,0.4,2.1,3.8,10,28
查尔斯-琼斯,98-99,公牛,29,5,16.4,0.317,1.3,4.2,0.311,0.7,2.1,0.5,0.4,0.8,1.4,0.3,1.1,1.4,0.6,0.2,1.0,1.0,3.7,5,24
马克-斯特里克兰,98-99,热火,32,1,11.2,0.495,1.6,3.2,0.0,0.0,0.0,0.731,0.6,0.8,2.4,0.8,1.6,0.3,0.2,0.3,0.4,0.9,3.7,22,10
杰夫-麦金尼斯,98-99,奇才,35,6,12.2,0.373,1.4,3.8,0.257,0.3,1.0,0.75,0.6,0.8,0.6,0.3,0.3,2.1,0.5,0.0,0.9,1.0,3.7,12,23
查尔斯-史密斯,98-99,快船,23,10,13.8,0.361,1.5,4.2,0.212,0.3,1.4,0.438,0.3,0.7,1.0,0.3,0.7,0.6,0.7,0.6,0.9,1.5,3.7,3,20
皮特-奇尔卡特,98-99,灰熊,46,0,15.2,0.366,1.4,3.7,0.382,0.6,1.5,0.824,0.3,0.4,2.5,0.6,1.9,0.7,0.5,0.3,0.6,1.1,3.6,7,39
凯文-卡托,98-99,开拓者,43,0,12.7,0.45,1.3,3.0,1.0,0.0,0.0,0.507,0.8,1.6,3.5,1.1,2.3,0.4,0.5,1.3,0.6,2.3,3.5,29,14
布雷斯-德鲁,98-99,火箭,34,0,13.0,0.364,1.4,3.8,0.327,0.5,1.4,1.0,0.2,0.2,0.9,0.1,0.9,1.5,0.4,0.1,0.9,1.8,3.5,19,15
劳伊-奥特,98-99,活塞,37,10,13.0,0.381,1.6,4.2,0.0,0.0,0.0,0.643,0.2,0.4,3.9,1.0,3.0,0.3,0.4,0.2,0.5,1.5,3.4,21,16
奥斯丁-克罗希尔,98-99,步行者,27,0,9.2,0.427,1.2,2.8,0.276,0.3,1.1,0.87,0.7,0.9,1.7,0.6,1.1,0.4,0.3,0.3,0.9,1.2,3.4,21,6
特里-戴维斯,98-99,奇才,37,34,15.6,0.533,1.3,2.5,-0.01,0.0,0.0,0.737,0.8,1.0,3.8,1.4,2.4,0.3,0.3,0.1,0.4,2.1,3.4,14,23
大卫-沃恩,98-99,篮网,10,0,10.3,0.542,1.3,2.4,-0.01,0.0,0.0,0.8,0.8,1.0,3.4,1.3,2.1,0.1,0.2,0.8,1.1,2.2,3.4,4,6
托德-弗勒,98-99,爵士,42,2,11.0,0.452,1.3,3.0,-0.01,0.0,0.0,0.6,0.7,1.2,2.4,0.7,1.7,0.1,0.1,0.3,0.6,1.4,3.4,30,12
查尔斯-沙克勒福德,98-99,黄蜂,32,4,11.5,0.489,1.4,2.8,-0.01,0.0,0.0,0.655,0.6,0.9,4.0,1.3,2.8,0.4,0.2,0.4,0.8,2.1,3.3,19,13
基翁-克拉克,98-99,掘金,28,0,14.6,0.45,1.3,2.9,0.0,0.0,0.0,0.568,0.8,1.3,3.4,1.3,2.1,0.4,0.4,1.1,0.8,1.9,3.3,8,20
罗德里克-罗德斯,98-99,-1,13,1,12.0,0.25,1.0,4.0,0.143,0.1,0.5,0.64,1.2,1.9,1.3,0.7,0.6,0.8,0.4,0.2,1.5,1.6,3.3,2,11
BJ 阿姆斯特朗,98-99,-1,32,1,11.2,0.455,1.3,2.8,0.467,0.2,0.5,0.857,0.6,0.7,1.2,0.1,1.2,1.9,0.4,0.0,0.8,1.0,3.3,18,14
克里斯-安斯蒂,98-99,独行侠,41,4,11.5,0.36,1.2,3.4,0.0,0.0,0.2,0.708,0.8,1.2,2.4,0.9,1.5,0.7,0.4,0.3,0.6,2.4,3.3,15,26
安德雷-帕特森,98-99,森林狼,35,0,8.1,0.443,1.2,2.8,0.0,0.0,0.1,0.778,0.8,1.0,1.9,0.9,1.0,0.4,0.5,0.2,0.6,1.8,3.3,17,18
J.R.-亨德森,98-99,灰熊,30,0,11.0,0.365,1.2,3.2,0.4,0.1,0.2,0.556,0.8,1.5,1.6,0.7,0.9,0.7,0.3,0.1,0.6,1.0,3.2,4,26
杰罗米-科尔西,98-99,马刺,45,0,15.5,0.34,1.5,4.4,0.214,0.1,0.3,0.429,0.1,0.3,2.9,0.9,2.0,0.9,0.8,0.3,0.7,2.0,3.2,33,12
布鲁-爱德华兹,98-99,热火,24,0,11.8,0.444,1.3,3.0,0.4,0.2,0.4,0.692,0.4,0.5,1.4,0.3,1.1,1.3,0.7,0.2,0.9,1.0,3.2,17,7
特里-德埃,98-99,-1,26,0,11.2,0.365,1.2,3.3,0.41,0.6,1.5,0.714,0.2,0.3,0.9,0.3,0.7,1.0,0.3,0.1,0.6,1.2,3.2,5,21
穆奇-诺里斯,98-99,超音速,12,0,11.7,0.325,1.1,3.3,0.4,0.5,1.3,0.375,0.5,1.3,1.7,0.3,1.3,2.0,0.6,0.0,1.3,1.4,3.2,8,4
Charles O'Bannon,98-99,活塞,18,1,9.2,0.429,1.3,3.1,0.0,0.0,0.1,1.0,0.4,0.4,1.9,1.0,0.9,0.7,0.1,0.2,0.4,1.2,3.1,11,7
哈维-格兰特,98-99,76人,47,10,17.0,0.369,1.3,3.6,0.167,0.0,0.1,0.724,0.4,0.6,2.3,0.8,1.6,0.5,0.4,0.3,0.4,1.6,3.1,27,20
肖恩-莱斯佩特,98-99,太阳,12,1,8.3,0.361,1.1,3.0,0.308,0.3,1.1,0.7,0.6,0.8,1.1,0.2,0.9,0.7,0.4,0.0,0.4,0.8,3.1,6,6
基斯-布斯,98-99,公牛,39,4,11.1,0.325,1.3,3.9,0.1,0.0,0.3,0.5,0.5,1.1,2.4,0.6,1.7,1.0,0.6,0.3,1.0,1.5,3.1,9,30
雷克斯-沃特斯,98-99,热火,33,13,15.3,0.368,1.1,2.9,0.316,0.4,1.2,0.826,0.6,0.7,1.5,0.3,1.2,1.8,0.3,0.1,1.0,1.9,3.1,24,9
普奥珀耶-琼斯,98-99,凯尔特,18,2,11.4,0.392,1.1,2.8,0.0,0.0,0.1,0.824,0.8,0.9,2.9,1.6,1.3,0.8,0.3,0.0,0.4,1.7,3.0,6,12
厄尔-博伊金斯,98-99,-1,22,0,10.0,0.38,1.4,3.6,0.167,0.1,0.8,0.667,0.1,0.1,0.8,0.3,0.5,1.5,0.3,0.0,0.9,0.9,3.0,8,14
科里-布朗特,98-99,-1,34,3,15.6,0.36,1.1,2.9,0.0,0.0,0.0,0.519,0.8,1.6,4.4,1.7,2.7,0.4,0.6,0.5,0.6,2.2,2.9,20,14
阿多纳尔-福耶尔,98-99,勇士,44,0,14.0,0.43,1.2,2.8,-0.01,0.0,0.0,0.49,0.6,1.2,4.4,1.8,2.6,0.4,0.3,1.0,0.7,2.0,2.9,16,28
托比-贝莉,98-99,太阳,27,10,9.2,0.395,1.3,3.2,0.2,0.0,0.2,0.692,0.3,0.5,2.0,0.9,1.1,0.5,0.3,0.1,0.4,0.9,2.9,16,11
马特-布拉德,98-99,火箭,41,0,10.1,0.377,1.0,2.8,0.387,0.6,1.5,0.7,0.2,0.2,1.0,0.2,0.8,0.4,0.3,0.1,0.3,0.7,2.9,24,17
格雷格-福斯特,98-99,爵士,42,1,10.9,0.377,1.2,3.3,0.25,0.0,0.1,0.619,0.3,0.5,2.0,0.7,1.3,0.6,0.1,0.2,0.6,1.5,2.8,29,13
埃利奧特-佩里,98-99,-1,35,0,8.3,0.379,1.1,2.9,0.417,0.3,0.7,0.714,0.3,0.4,1.0,0.2,0.8,1.3,0.6,0.0,1.0,0.7,2.8,16,19
肖恩-卢克斯,98-99,湖人,36,0,8.8,0.405,0.9,2.2,0.0,0.0,0.1,0.708,0.9,1.3,2.0,0.9,1.1,0.3,0.1,0.3,0.6,1.7,2.7,21,15
鲁本-帕特森,98-99,湖人,24,2,6.0,0.412,0.9,2.1,0.167,0.0,0.3,0.71,0.9,1.3,1.3,0.7,0.5,0.1,0.2,0.1,0.5,0.7,2.7,14,10
莱恩-斯塔克,98-99,骑士,18,0,11.1,0.378,0.8,2.1,-0.01,0.0,0.0,0.95,1.1,1.1,1.9,1.1,0.8,0.3,0.1,0.6,0.5,1.7,2.6,4,14
安托万-凯尔,98-99,火箭,18,0,8.4,0.404,1.2,2.9,0.0,0.0,0.1,0.714,0.3,0.4,1.7,0.5,1.2,0.5,0.1,0.6,0.5,1.7,2.6,10,8
杰梅因-奥尼尔,98-99,开拓者,35,1,8.9,0.434,1.0,2.4,0.0,0.0,0.0,0.514,0.5,1.0,2.8,1.2,1.6,0.4,0.1,0.4,0.4,1.2,2.6,26,9
普尔-理查德森,98-99,快船,11,0,11.8,0.333,1.1,3.3,0.0,0.0,0.5,1.0,0.4,0.4,1.2,0.1,1.1,2.7,0.4,0.0,0.8,0.5,2.5,1,10
克里斯-杜德里,98-99,尼克斯,46,16,14.9,0.44,1.0,2.4,-0.01,0.0,0.0,0.475,0.4,0.9,4.2,1.7,2.5,0.2,0.3,0.8,0.5,2.5,2.5,24,22
詹姆斯-柯顿,98-99,超音速,10,0,5.9,0.333,0.6,1.8,0.0,0.0,0.3,0.722,1.3,1.8,1.0,0.2,0.8,0.0,0.3,0.0,0.3,0.6,2.5,5,5
贾希迪-怀特,98-99,奇才,20,0,9.6,0.531,0.9,1.6,-0.01,0.0,0.0,0.429,0.8,1.8,2.9,1.2,1.8,0.1,0.2,0.6,0.6,2.0,2.5,6,14
维尔-佩尔多,98-99,马刺,37,1,12.0,0.633,1.0,1.6,-0.01,0.0,0.0,0.538,0.4,0.7,3.7,0.9,2.8,0.5,0.2,0.3,0.6,1.7,2.4,33,4
杰拉德-布朗,98-99,太阳,33,0,7.2,0.371,1.0,2.7,0.3,0.1,0.3,0.786,0.3,0.4,0.7,0.2,0.5,0.9,0.2,0.0,0.7,0.6,2.4,17,16
安东尼-米勒,98-99,火箭,29,0,8.6,0.467,1.0,2.1,0.0,0.0,0.0,0.636,0.5,0.8,2.3,0.9,1.4,0.2,0.2,0.2,0.3,1.2,2.4,18,11
拉沙德-刘易斯,98-99,超音速,20,7,7.3,0.365,1.0,2.6,0.167,0.1,0.3,0.571,0.4,0.7,1.3,0.7,0.6,0.2,0.4,0.1,1.0,1.0,2.4,11,9
布鲁斯-鲍文,98-99,凯尔特,30,1,16.5,0.28,0.9,3.1,0.269,0.2,0.9,0.458,0.4,0.8,1.7,0.5,1.2,0.9,0.7,0.3,0.4,1.7,2.3,10,20
卡尔-埃雷拉,98-99,-1,28,0,11.0,0.395,1.1,2.7,0.0,0.0,0.0,0.455,0.2,0.4,2.2,0.9,1.3,0.1,0.4,0.3,0.6,1.4,2.3,10,18
杜恩-考斯威尔,98-99,热火,19,1,7.2,0.571,1.1,1.8,-0.01,0.0,0.0,0.333,0.2,0.6,1.8,0.7,1.1,0.1,0.0,0.6,0.9,1.7,2.3,15,4
杰奎-沃恩,98-99,爵士,19,0,4.6,0.367,0.6,1.6,0.25,0.1,0.4,0.833,1.1,1.3,0.6,0.1,0.5,0.6,0.3,0.0,0.7,0.7,2.3,15,4
克哈里德-李维斯,98-99,活塞,11,0,10.2,0.381,0.7,1.9,0.333,0.1,0.3,0.571,0.7,1.3,0.6,0.3,0.4,1.0,0.4,0.0,0.6,1.2,2.3,6,5
埃里克-莱利,98-99,凯尔特,35,11,9.6,0.519,0.8,1.5,-0.01,0.0,0.0,0.71,0.6,0.9,2.8,1.0,1.8,0.4,0.3,0.7,0.7,2.1,2.2,13,22
比尔-科尔利,98-99,森林狼,35,7,10.6,0.403,0.8,2.1,0.2,0.0,0.1,0.864,0.5,0.6,1.5,0.6,0.9,0.4,0.5,0.3,0.3,2.4,2.2,20,15
Jeffrey Sheppard,98-99,老鹰,18,5,10.3,0.385,0.8,2.2,0.286,0.1,0.4,0.615,0.4,0.7,1.2,0.3,0.9,0.9,0.2,0.0,0.4,0.7,2.2,10,8
约翰-库克,98-99,奇才,14,0,7.0,0.419,0.9,2.2,-0.01,0.0,0.0,0.833,0.4,0.4,1.6,0.5,1.1,0.0,0.1,0.1,0.1,1.2,2.2,4,10
乔-克莱恩,98-99,太阳,31,5,12.1,0.405,1.0,2.4,0.0,0.0,0.1,0.667,0.3,0.4,2.2,0.9,1.3,0.4,0.3,0.0,0.3,1.5,2.2,16,15
吉姆-麦克伊尔瓦因,98-99,篮网,22,1,12.2,0.431,1.0,2.3,-0.01,0.0,0.0,0.667,0.2,0.3,2.5,1.4,1.0,0.1,0.4,1.5,0.6,2.7,2.2,4,18
德鲁-巴里,98-99,超音速,17,0,10.8,0.313,0.6,1.9,0.333,0.5,1.4,0.692,0.5,0.8,1.2,0.2,1.0,1.7,0.4,0.1,0.7,1.4,2.2,7,10
艾尔-哈灵顿,98-99,步行者,21,0,7.6,0.321,0.9,2.7,0.0,0.0,0.2,0.6,0.4,0.7,1.9,1.0,0.9,0.2,0.2,0.1,0.5,1.2,2.1,11,10
基斯-克洛斯,98-99,快船,15,0,5.8,0.522,0.8,1.5,0.0,0.0,0.1,0.8,0.5,0.7,1.7,0.3,1.3,0.0,0.2,0.6,0.4,0.9,2.1,2,13
丹尼斯-罗德曼,98-99,湖人,23,11,28.6,0.348,0.7,2.0,0.0,0.0,0.1,0.436,0.7,1.7,11.2,2.7,8.5,1.3,0.4,0.5,1.3,3.1,2.1,17,6
布莱恩-埃文斯,98-99,-1,16,0,9.1,0.295,0.8,2.8,0.308,0.3,0.8,1.0,0.3,0.3,1.2,0.4,0.8,0.9,0.3,0.2,0.1,0.5,2.1,3,13
马龙-加内特,98-99,凯尔特,24,0,8.5,0.294,0.6,2.1,0.261,0.3,1.0,0.75,0.6,0.8,0.9,0.1,0.8,0.8,0.2,0.0,0.5,0.8,2.1,9,15
埃里克-蒙特罗斯,98-99,活塞,46,2,12.5,0.525,0.9,1.7,0.0,0.0,0.0,0.344,0.2,0.7,3.0,1.0,2.0,0.3,0.3,0.6,0.3,2.3,2.1,25,21
雷杰-乔丹,98-99,森林狼,27,1,11.0,0.278,0.6,2.0,-0.01,0.0,0.0,0.553,0.8,1.4,2.2,1.0,1.2,1.5,0.4,0.2,0.5,1.4,1.9,14,13
杰拉德-霍尼卡特,98-99,-1,16,0,6.4,0.281,0.6,2.0,0.294,0.3,1.1,0.7,0.4,0.6,0.8,0.2,0.6,0.2,0.3,0.1,0.6,1.0,1.9,7,9
科里-贝克,98-99,-1,24,0,7.5,0.462,0.8,1.6,1.0,0.0,0.0,0.533,0.3,0.6,1.2,0.3,0.9,0.8,0.4,0.1,0.5,1.1,1.9,18,6
菲尔顿-斯宾塞,98-99,勇士,26,0,6.1,0.455,0.6,1.3,-0.01,0.0,0.0,0.462,0.5,1.0,1.8,0.7,1.1,0.0,0.2,0.4,0.3,1.6,1.6,10,16
纳兹尔-穆罕穆德,98-99,76人,26,0,4.7,0.357,0.6,1.6,-0.01,0.0,0.0,0.571,0.5,0.8,1.4,0.7,0.7,0.1,0.2,0.2,0.5,0.8,1.6,17,9
基斯-阿斯金斯,98-99,热火,33,13,12.6,0.323,0.6,1.9,0.276,0.2,0.9,0.625,0.2,0.2,1.3,0.3,1.0,0.3,0.5,0.1,0.4,1.8,1.6,20,13
弗莱德-霍伊博格,98-99,步行者,12,0,7.3,0.286,0.5,1.8,0.111,0.1,0.8,1.0,0.5,0.5,0.9,0.2,0.8,0.3,0.0,0.0,0.3,0.9,1.6,7,5
杰罗姆-詹姆斯,98-99,国王,16,0,2.6,0.375,0.6,1.5,-0.01,0.0,0.0,0.5,0.4,0.8,1.1,0.4,0.7,0.1,0.1,0.4,0.6,0.7,1.5,8,8
迈克尔-霍金斯,98-99,国王,24,0,8.5,0.35,0.6,1.7,0.263,0.2,0.8,1.0,0.1,0.1,1.0,0.4,0.6,1.1,0.1,0.0,0.5,0.6,1.5,12,12
Danny Schayes,98-99,魔术,19,1,7.5,0.379,0.6,1.5,-0.01,0.0,0.0,0.75,0.3,0.4,0.7,0.2,0.6,0.2,0.1,0.1,0.4,1.2,1.5,11,8
马科-米利奇,98-99,太阳,11,0,4.8,0.4,0.7,1.8,0.0,0.0,0.1,-0.01,0.0,0.0,0.5,0.3,0.2,0.2,0.3,0.1,0.5,0.6,1.5,8,3
迈克尔-斯图尔特,98-99,猛龙,42,2,9.4,0.415,0.5,1.3,-0.01,0.0,0.0,0.68,0.4,0.6,2.4,1.0,1.3,0.1,0.1,0.7,0.3,1.8,1.5,19,23
马特-马龙尼,98-99,火箭,15,7,12.4,0.179,0.3,1.9,0.067,0.1,1.0,0.909,0.7,0.7,0.7,0.1,0.5,1.4,0.3,0.0,0.9,0.5,1.4,7,8
安东尼奥-朗,98-99,骑士,10,0,6.5,0.667,0.4,0.6,-0.01,0.0,0.0,0.556,0.5,0.9,1.6,0.6,1.0,0.1,0.2,0.1,0.4,1.3,1.3,5,5
马克-韦斯特,98-99,老鹰,49,0,10.2,0.373,0.4,1.2,-0.01,0.0,0.0,0.356,0.3,0.9,2.6,1.0,1.6,0.3,0.1,0.4,0.3,1.7,1.2,31,18
杰拉德-金,98-99,马刺,19,0,3.3,0.429,0.3,0.7,-0.01,0.0,0.0,0.611,0.6,0.9,0.7,0.3,0.4,0.2,0.1,0.1,0.2,0.6,1.2,12,7
霍特-罗德-威廉姆斯,98-99,独行侠,25,11,16.1,0.333,0.4,1.3,-0.01,0.0,0.0,0.7,0.3,0.4,3.3,1.4,1.9,0.6,0.5,0.7,0.5,2.0,1.2,7,18
劳伦-梅耶尔,98-99,掘金,14,0,5.0,0.25,0.5,2.0,0.2,0.1,0.4,0.5,0.1,0.1,1.1,0.3,0.9,0.1,0.0,0.2,0.3,1.6,1.1,4,10
安德鲁-盖兹,98-99,马刺,19,0,3.1,0.32,0.4,1.3,0.313,0.3,0.8,-0.01,0.0,0.0,0.3,0.1,0.2,0.3,0.1,0.1,0.2,0.4,1.1,16,3
里克-布朗森,98-99,尼克斯,17,0,5.6,0.286,0.4,1.2,0.0,0.0,0.3,0.278,0.3,1.1,0.6,0.2,0.4,1.1,0.5,0.0,0.7,0.5,1.0,11,6
里克-马洪,98-99,76人,16,0,7.9,0.278,0.3,1.1,-0.01,0.0,0.0,0.375,0.2,0.5,1.4,0.4,1.0,0.1,0.3,0.1,0.4,1.4,0.8,11,5
大卫-温盖特,98-99,尼克斯,20,0,4.6,0.438,0.4,0.8,-0.01,0.0,0.0,-0.01,0.0,0.0,0.4,0.2,0.3,0.3,0.2,0.0,0.3,0.5,0.7,14,6
德怀恩-辛特祖斯,98-99,凯尔特,16,0,4.2,0.25,0.3,1.0,-0.01,0.0,0.0,0.75,0.2,0.3,1.2,0.4,0.8,0.5,0.0,0.2,0.6,1.1,0.7,7,9
威廉-康宁汉姆,98-99,-1,16,6,10.1,0.167,0.2,1.1,-0.01,0.0,0.0,0.0,0.0,0.1,1.8,0.8,0.9,0.1,0.1,0.7,0.3,1.9,0.4,7,9
